1
1
2
0
(224 0
((832,768) (847,783) (0,0))
((848,768) (863,783) (0,0))
((864,768) (879,783) (0,0))
((880,768) (895,783) (0,0))
((896,768) (911,783) (0,0))
((912,768) (927,783) (0,0))
((928,768) (943,783) (0,0))
((944,768) (959,783) (0,0))
((960,768) (975,783) (0,0))
((976,768) (991,783) (0,0))
((992,768) (1007,783) (0,0))
((1008,768) (1023,783) (0,0))
((832,784) (847,799) (0,0))
((848,784) (863,799) (0,0))
((864,784) (879,799) (0,0))
((880,784) (895,799) (0,0))
((896,784) (911,799) (0,0))
((912,784) (927,799) (0,0))
((928,784) (943,799) (0,0))
((944,784) (959,799) (0,0))
((960,784) (975,799) (0,0))
((976,784) (991,799) (0,0))
((992,784) (1007,799) (0,0))
((1008,784) (1023,799) (0,0))
((832,800) (847,815) (0,0))
((848,800) (863,815) (0,0))
((864,800) (879,815) (0,0))
((880,800) (895,815) (0,0))
((896,800) (911,815) (0,0))
((912,800) (927,815) (0,0))
((928,800) (943,815) (0,0))
((944,800) (959,815) (0,0))
((960,800) (975,815) (0,0))
((976,800) (991,815) (0,0))
((992,800) (1007,815) (0,0))
((1008,800) (1023,815) (0,0))
((832,816) (847,831) (0,0))
((848,816) (863,831) (0,0))
((864,816) (879,831) (0,0))
((880,816) (895,831) (0,0))
((896,816) (911,831) (0,0))
((912,816) (927,831) (0,0))
((928,816) (943,831) (0,0))
((944,816) (959,831) (0,0))
((960,816) (975,831) (0,0))
((976,816) (991,831) (0,0))
((992,816) (1007,831) (0,0))
((1008,816) (1023,831) (0,0))
((832,832) (847,847) (0,0))
((848,832) (863,847) (0,0))
((864,832) (879,847) (0,0))
((880,832) (895,847) (0,0))
((896,832) (911,847) (0,0))
((912,832) (927,847) (0,0))
((928,832) (943,847) (0,0))
((944,832) (959,847) (0,0))
((960,832) (975,847) (0,0))
((976,832) (991,847) (0,0))
((992,832) (1007,847) (0,0))
((1008,832) (1023,847) (0,0))
((832,848) (847,863) (0,0))
((848,848) (863,863) (0,0))
((864,848) (879,863) (0,0))
((880,848) (895,863) (0,0))
((896,848) (911,863) (0,0))
((912,848) (927,863) (0,0))
((928,848) (943,863) (0,0))
((944,848) (959,863) (0,0))
((960,848) (975,863) (0,0))
((976,848) (991,863) (0,0))
((992,848) (1007,863) (0,0))
((1008,848) (1023,863) (0,0))
((832,864) (847,879) (0,0))
((848,864) (863,879) (0,0))
((864,864) (879,879) (0,0))
((880,864) (895,879) (0,0))
((896,864) (911,879) (0,0))
((912,864) (927,879) (0,0))
((928,864) (943,879) (0,0))
((944,864) (959,879) (0,0))
((960,864) (975,879) (0,0))
((976,864) (991,879) (0,0))
((992,864) (1007,879) (0,0))
((1008,864) (1023,879) (0,0))
((832,880) (847,895) (0,0))
((848,880) (863,895) (0,0))
((864,880) (879,895) (0,0))
((880,880) (895,895) (0,0))
((896,880) (911,895) (0,0))
((912,880) (927,895) (0,0))
((928,880) (943,895) (0,0))
((944,880) (959,895) (0,0))
((960,880) (975,895) (0,0))
((976,880) (991,895) (0,0))
((992,880) (1007,895) (0,0))
((1008,880) (1023,895) (0,0))
((832,896) (847,911) (0,0))
((848,896) (863,911) (0,0))
((864,896) (879,911) (0,0))
((880,896) (895,911) (0,0))
((896,896) (911,911) (0,0))
((912,896) (927,911) (0,0))
((928,896) (943,911) (0,0))
((944,896) (959,911) (0,0))
((960,896) (975,911) (0,0))
((976,896) (991,911) (0,0))
((992,896) (1007,911) (0,0))
((1008,896) (1023,911) (0,0))
((864,912) (879,927) (0,0))
((880,912) (895,927) (0,0))
((896,912) (911,927) (0,0))
((912,912) (927,927) (0,0))
((928,912) (943,927) (0,0))
((944,912) (959,927) (0,0))
((864,928) (879,943) (0,0))
((880,928) (895,943) (0,0))
((896,928) (911,943) (0,0))
((912,928) (927,943) (0,0))
((928,928) (943,943) (0,0))
((944,928) (959,943) (0,0))
((1008,912) (1023,927) (0,0))
((1008,928) (1023,943) (0,0))
((1008,944) (1023,959) (0,0))
((1008,960) (1023,975) (0,0))
((1008,976) (1023,991) (0,0))
((976,912) (991,927) (0,0))
((976,928) (991,943) (0,0))
((976,944) (991,959) (0,0))
((976,960) (991,975) (0,0))
((464,976) (479,991) (0,0))
((480,976) (495,991) (0,0))
((496,976) (511,991) (0,0))
((512,976) (527,991) (0,0))
((528,976) (543,991) (0,0))
((544,976) (559,991) (0,0))
((560,976) (575,991) (0,0))
((576,976) (591,991) (0,0))
((592,976) (607,991) (0,0))
((608,976) (623,991) (0,0))
((624,976) (639,991) (0,0))
((640,976) (655,991) (0,0))
((656,976) (671,991) (0,0))
((672,976) (687,991) (0,0))
((688,976) (703,991) (0,0))
((704,976) (719,991) (0,0))
((720,976) (735,991) (0,0))
((736,976) (751,991) (0,0))
((752,976) (767,991) (0,0))
((768,976) (783,991) (0,0))
((784,976) (799,991) (0,0))
((800,976) (815,991) (0,0))
((816,976) (831,991) (0,0))
((832,976) (847,991) (0,0))
((464,992) (479,1007) (0,0))
((480,992) (495,1007) (0,0))
((496,992) (511,1007) (0,0))
((512,992) (527,1007) (0,0))
((528,992) (543,1007) (0,0))
((544,992) (559,1007) (0,0))
((560,992) (575,1007) (0,0))
((576,992) (591,1007) (0,0))
((592,992) (607,1007) (0,0))
((608,992) (623,1007) (0,0))
((624,992) (639,1007) (0,0))
((640,992) (655,1007) (0,0))
((656,992) (671,1007) (0,0))
((672,992) (687,1007) (0,0))
((688,992) (703,1007) (0,0))
((704,992) (719,1007) (0,0))
((720,992) (735,1007) (0,0))
((736,992) (751,1007) (0,0))
((752,992) (767,1007) (0,0))
((768,992) (783,1007) (0,0))
((784,992) (799,1007) (0,0))
((800,992) (815,1007) (0,0))
((816,992) (831,1007) (0,0))
((832,992) (847,1007) (0,0))
((928,976) (943,991) (0,0))
((944,976) (959,991) (0,0))
((960,976) (975,991) (0,0))
((976,976) (991,991) (0,0))
((928,992) (943,1007) (0,0))
((944,992) (959,1007) (0,0))
((960,992) (975,1007) (0,0))
((976,992) (991,1007) (0,0))
((0,960) (15,975) (0,0))
((0,976) (15,991) (0,0))
((0,992) (15,1007) (0,0))
((0,1008) (15,1023) (0,0))
((64,992) (79,1007) (0,0))
((80,992) (95,1007) (0,0))
((64,1008) (79,1023) (0,0))
((80,1008) (95,1023) (0,0))
((96,992) (111,1007) (0,0))
((112,992) (127,1007) (0,0))
((128,992) (143,1007) (0,0))
((144,992) (159,1007) (0,0))
((160,992) (175,1007) (0,0))
((176,992) (191,1007) (0,0))
((192,992) (207,1007) (0,0))
((208,992) (223,1007) (0,0))
((224,992) (239,1007) (0,0))
((240,992) (255,1007) (0,0))
((256,992) (271,1007) (0,0))
((272,992) (287,1007) (0,0))
((288,992) (303,1007) (0,0))
((304,992) (319,1007) (0,0))
((320,992) (335,1007) (0,0))
((336,992) (351,1007) (0,0))
((352,992) (367,1007) (0,0))
((368,992) (383,1007) (0,0))
((384,992) (399,1007) (0,0))
((400,992) (415,1007) (0,0))
((416,992) (431,1007) (0,0))
((432,992) (447,1007) (0,0))
((448,992) (463,1007) (0,0))
((848,992) (863,1007) (0,0))
((864,992) (879,1007) (0,0))
((880,992) (895,1007) (0,0))
((896,992) (911,1007) (0,0))
((912,992) (927,1007) (0,0))
((16,1008) (31,1023) (0,0))
((32,1008) (47,1023) (0,0))
((48,1008) (63,1023) (0,0))
)
224
FabOnDisk: Cell_D_00001 0
FabOnDisk: Cell_D_00001 4184
FabOnDisk: Cell_D_00001 8368
FabOnDisk: Cell_D_00001 12552
FabOnDisk: Cell_D_00001 16736
FabOnDisk: Cell_D_00001 20920
FabOnDisk: Cell_D_00001 25104
FabOnDisk: Cell_D_00001 29288
FabOnDisk: Cell_D_00002 0
FabOnDisk: Cell_D_00002 4184
FabOnDisk: Cell_D_00002 8368
FabOnDisk: Cell_D_00002 12553
FabOnDisk: Cell_D_00001 33472
FabOnDisk: Cell_D_00001 37656
FabOnDisk: Cell_D_00001 41840
FabOnDisk: Cell_D_00001 46024
FabOnDisk: Cell_D_00001 50208
FabOnDisk: Cell_D_00001 54392
FabOnDisk: Cell_D_00001 58576
FabOnDisk: Cell_D_00001 62760
FabOnDisk: Cell_D_00002 16739
FabOnDisk: Cell_D_00002 20923
FabOnDisk: Cell_D_00002 25107
FabOnDisk: Cell_D_00002 29292
FabOnDisk: Cell_D_00001 66944
FabOnDisk: Cell_D_00001 71128
FabOnDisk: Cell_D_00001 75312
FabOnDisk: Cell_D_00001 79496
FabOnDisk: Cell_D_00002 33478
FabOnDisk: Cell_D_00002 37662
FabOnDisk: Cell_D_00002 41846
FabOnDisk: Cell_D_00002 46030
FabOnDisk: Cell_D_00002 50214
FabOnDisk: Cell_D_00002 54398
FabOnDisk: Cell_D_00002 58582
FabOnDisk: Cell_D_00002 62767
FabOnDisk: Cell_D_00001 83680
FabOnDisk: Cell_D_00001 87864
FabOnDisk: Cell_D_00001 92048
FabOnDisk: Cell_D_00001 96232
FabOnDisk: Cell_D_00002 66953
FabOnDisk: Cell_D_00002 71137
FabOnDisk: Cell_D_00002 75321
FabOnDisk: Cell_D_00002 79505
FabOnDisk: Cell_D_00002 83689
FabOnDisk: Cell_D_00002 87873
FabOnDisk: Cell_D_00002 92057
FabOnDisk: Cell_D_00002 96242
FabOnDisk: Cell_D_00001 100416
FabOnDisk: Cell_D_00001 104600
FabOnDisk: Cell_D_00001 108784
FabOnDisk: Cell_D_00001 112968
FabOnDisk: Cell_D_00002 100428
FabOnDisk: Cell_D_00002 104612
FabOnDisk: Cell_D_00002 108796
FabOnDisk: Cell_D_00002 112980
FabOnDisk: Cell_D_00002 117164
FabOnDisk: Cell_D_00002 121348
FabOnDisk: Cell_D_00002 125532
FabOnDisk: Cell_D_00002 129717
FabOnDisk: Cell_D_00001 117152
FabOnDisk: Cell_D_00001 121336
FabOnDisk: Cell_D_00001 125520
FabOnDisk: Cell_D_00001 129704
FabOnDisk: Cell_D_00002 133903
FabOnDisk: Cell_D_00002 138087
FabOnDisk: Cell_D_00002 142271
FabOnDisk: Cell_D_00002 146455
FabOnDisk: Cell_D_00002 150639
FabOnDisk: Cell_D_00002 154823
FabOnDisk: Cell_D_00002 159007
FabOnDisk: Cell_D_00002 163192
FabOnDisk: Cell_D_00001 133888
FabOnDisk: Cell_D_00001 138072
FabOnDisk: Cell_D_00001 142256
FabOnDisk: Cell_D_00001 146440
FabOnDisk: Cell_D_00002 167378
FabOnDisk: Cell_D_00002 171562
FabOnDisk: Cell_D_00002 175746
FabOnDisk: Cell_D_00002 179930
FabOnDisk: Cell_D_00002 184114
FabOnDisk: Cell_D_00002 188298
FabOnDisk: Cell_D_00002 192482
FabOnDisk: Cell_D_00002 196667
FabOnDisk: Cell_D_00001 150624
FabOnDisk: Cell_D_00001 154808
FabOnDisk: Cell_D_00001 158992
FabOnDisk: Cell_D_00001 163176
FabOnDisk: Cell_D_00002 200853
FabOnDisk: Cell_D_00002 205037
FabOnDisk: Cell_D_00002 209221
FabOnDisk: Cell_D_00002 213405
FabOnDisk: Cell_D_00002 217589
FabOnDisk: Cell_D_00002 221773
FabOnDisk: Cell_D_00002 225957
FabOnDisk: Cell_D_00002 230142
FabOnDisk: Cell_D_00003 0
FabOnDisk: Cell_D_00003 4184
FabOnDisk: Cell_D_00003 8368
FabOnDisk: Cell_D_00003 12552
FabOnDisk: Cell_D_00003 16736
FabOnDisk: Cell_D_00003 20920
FabOnDisk: Cell_D_00003 25104
FabOnDisk: Cell_D_00003 29288
FabOnDisk: Cell_D_00003 33472
FabOnDisk: Cell_D_00003 37656
FabOnDisk: Cell_D_00003 41840
FabOnDisk: Cell_D_00003 46025
FabOnDisk: Cell_D_00003 50211
FabOnDisk: Cell_D_00003 54395
FabOnDisk: Cell_D_00003 58579
FabOnDisk: Cell_D_00003 62763
FabOnDisk: Cell_D_00003 66947
FabOnDisk: Cell_D_00003 71131
FabOnDisk: Cell_D_00003 75315
FabOnDisk: Cell_D_00003 79499
FabOnDisk: Cell_D_00003 83683
FabOnDisk: Cell_D_00003 87867
FabOnDisk: Cell_D_00003 92051
FabOnDisk: Cell_D_00003 96235
FabOnDisk: Cell_D_00003 100419
FabOnDisk: Cell_D_00003 104605
FabOnDisk: Cell_D_00003 108791
FabOnDisk: Cell_D_00003 112977
FabOnDisk: Cell_D_00003 117163
FabOnDisk: Cell_D_00003 121349
FabOnDisk: Cell_D_00003 125533
FabOnDisk: Cell_D_00003 129717
FabOnDisk: Cell_D_00003 133901
FabOnDisk: Cell_D_00000 0
FabOnDisk: Cell_D_00000 4184
FabOnDisk: Cell_D_00000 8368
FabOnDisk: Cell_D_00000 12552
FabOnDisk: Cell_D_00000 16736
FabOnDisk: Cell_D_00000 20920
FabOnDisk: Cell_D_00000 25104
FabOnDisk: Cell_D_00000 29288
FabOnDisk: Cell_D_00000 33472
FabOnDisk: Cell_D_00000 37656
FabOnDisk: Cell_D_00000 41840
FabOnDisk: Cell_D_00001 167360
FabOnDisk: Cell_D_00001 171544
FabOnDisk: Cell_D_00001 175728
FabOnDisk: Cell_D_00001 179912
FabOnDisk: Cell_D_00001 184096
FabOnDisk: Cell_D_00001 188280
FabOnDisk: Cell_D_00001 192464
FabOnDisk: Cell_D_00001 196648
FabOnDisk: Cell_D_00003 138085
FabOnDisk: Cell_D_00003 142269
FabOnDisk: Cell_D_00003 146453
FabOnDisk: Cell_D_00003 150637
FabOnDisk: Cell_D_00003 154821
FabOnDisk: Cell_D_00000 46024
FabOnDisk: Cell_D_00000 50209
FabOnDisk: Cell_D_00000 54394
FabOnDisk: Cell_D_00000 58579
FabOnDisk: Cell_D_00000 62764
FabOnDisk: Cell_D_00000 66949
FabOnDisk: Cell_D_00000 71134
FabOnDisk: Cell_D_00000 75319
FabOnDisk: Cell_D_00000 79504
FabOnDisk: Cell_D_00000 83689
FabOnDisk: Cell_D_00000 87874
FabOnDisk: Cell_D_00001 200832
FabOnDisk: Cell_D_00001 205017
FabOnDisk: Cell_D_00001 209202
FabOnDisk: Cell_D_00001 213387
FabOnDisk: Cell_D_00001 217572
FabOnDisk: Cell_D_00001 221757
FabOnDisk: Cell_D_00001 225942
FabOnDisk: Cell_D_00001 230127
FabOnDisk: Cell_D_00003 159005
FabOnDisk: Cell_D_00003 163190
FabOnDisk: Cell_D_00003 167375
FabOnDisk: Cell_D_00003 171560
FabOnDisk: Cell_D_00003 175745
FabOnDisk: Cell_D_00003 179930
FabOnDisk: Cell_D_00003 184114
FabOnDisk: Cell_D_00003 188298
FabOnDisk: Cell_D_00003 192482
FabOnDisk: Cell_D_00003 196666
FabOnDisk: Cell_D_00003 200851
FabOnDisk: Cell_D_00003 205036
FabOnDisk: Cell_D_00003 209221
FabOnDisk: Cell_D_00000 92059
FabOnDisk: Cell_D_00000 96240
FabOnDisk: Cell_D_00000 100421
FabOnDisk: Cell_D_00000 104603
FabOnDisk: Cell_D_00000 108786
FabOnDisk: Cell_D_00000 112969
FabOnDisk: Cell_D_00000 117152
FabOnDisk: Cell_D_00000 121336
FabOnDisk: Cell_D_00000 125520
FabOnDisk: Cell_D_00000 129704
FabOnDisk: Cell_D_00000 133889
FabOnDisk: Cell_D_00000 138074
FabOnDisk: Cell_D_00000 142259
FabOnDisk: Cell_D_00000 146444
FabOnDisk: Cell_D_00000 150629
FabOnDisk: Cell_D_00000 154814
FabOnDisk: Cell_D_00000 158999
FabOnDisk: Cell_D_00000 163184
FabOnDisk: Cell_D_00000 167369
FabOnDisk: Cell_D_00000 171554
FabOnDisk: Cell_D_00000 175739
FabOnDisk: Cell_D_00000 179924
FabOnDisk: Cell_D_00000 184109
FabOnDisk: Cell_D_00000 188294
FabOnDisk: Cell_D_00000 192479
FabOnDisk: Cell_D_00000 196664
FabOnDisk: Cell_D_00000 200849
FabOnDisk: Cell_D_00000 205034
FabOnDisk: Cell_D_00000 209219
FabOnDisk: Cell_D_00000 213404
FabOnDisk: Cell_D_00000 217589
FabOnDisk: Cell_D_00003 213406
FabOnDisk: Cell_D_00003 217591
FabOnDisk: Cell_D_00003 221776
FabOnDisk: Cell_D_00003 225961
FabOnDisk: Cell_D_00003 230146
FabOnDisk: Cell_D_00000 221774
FabOnDisk: Cell_D_00000 225958
FabOnDisk: Cell_D_00000 230142

224,2
-8.0164870677880591e-03,-2.4439768740683356e-03,
-8.5331897091401217e-03,-3.3148086360108332e-03,
-9.6924303687754738e-03,-4.8014400478686471e-03,
-1.2870203622010169e-02,-6.9765135974512588e-03,
-1.5066904974444698e-02,-8.7490593185511403e-03,
-1.5184382385041623e-02,-1.0273085052038597e-02,
-1.3558589495814757e-02,-1.1095084852279960e-02,
-8.2025458685528567e-03,-1.0958779876040620e-02,
-3.0285851423615569e-03,-8.7594736794107328e-03,
-8.7175506009535761e-04,-6.0820933549873765e-03,
-7.9213650271689126e-04,-4.8318701934464206e-03,
-5.2900004131720482e-04,-2.7238343974008566e-03,
-9.7327805351279384e-03,-1.1518647329690490e-03,
-1.3601798290512581e-02,-2.8075041650983470e-03,
-2.3429640630480170e-02,-4.5153184876285737e-03,
-3.4021414997862050e-02,-6.3286355604211322e-03,
-4.0015619927420115e-02,-7.9642612552871216e-03,
-4.1145063165739640e-02,-1.2967282058746754e-02,
-4.0801446033351202e-02,-2.0224564855767665e-02,
-3.5508077244798722e-02,-2.1290154575568140e-02,
-2.1707543336029828e-02,-1.9185156890665942e-02,
-7.3321560075879123e-03,-1.0475420045258945e-02,
-1.5161231711585260e-03,-4.5977735726853083e-03,
-4.9959794981404432e-04,-2.1373811540107528e-03,
-1.3167641033738416e-02,1.7919158648387751e-05,
-2.4512087263746797e-02,-2.4489476955241035e-04,
-3.5138041522259703e-02,1.1044295397921386e-04,
-3.9681957533304328e-02,2.1392652293743541e-03,
-4.2100620694984894e-02,-4.0907424403134017e-03,
-4.2740481467087629e-02,-1.3018332608527819e-02,
-4.2701967739202970e-02,-2.2690257412222831e-02,
-4.1847420511668065e-02,-3.2962065049232464e-02,
-4.0234679324918698e-02,-3.5063804172921625e-02,
-2.7524531944083531e-02,-3.0087446807494093e-02,
-6.9126644789866722e-03,-1.1597565602473405e-02,
-8.1549329620188640e-04,-3.1884183979339828e-03,
-1.7792222199985913e-02,2.7083127837630276e-03,
-2.7701802454824325e-02,3.9388797791983961e-03,
-3.5111669184701613e-02,1.1667215248167287e-02,
-3.6419521546577460e-02,4.6526420522121185e-03,
-3.5667232418919184e-02,-4.1292363885396810e-03,
-3.2995219969424748e-02,-1.3928393667157819e-02,
-3.5045887848131049e-02,-2.1644274017981451e-02,
-3.9845866714571854e-02,-3.3014836932771130e-02,
-3.9904735057214674e-02,-4.0993095034209406e-02,
-3.5670564853778182e-02,-4.3276233439203483e-02,
-2.0562473010653157e-02,-3.1983532630122317e-02,
-2.2218273775955026e-03,-5.8350355573719773e-03,
-1.7966492891329653e-02,5.4266761921843536e-03,
-2.6801259308437624e-02,1.3290798658818766e-02,
-2.7862432166655134e-02,1.3788246924420617e-02,
-2.7094851671217588e-02,4.9086604283070864e-03,
-2.9275461049225189e-02,-4.1670303693542785e-03,
-2.9656120930967131e-02,-1.5403062199415844e-02,
-2.8529020675899880e-02,-2.3873290864549895e-02,
-2.4654395746321382e-02,-2.6783781065634144e-02,
-3.2688987390997654e-02,-4.0088480222497294e-02,
-3.3552964168986871e-02,-4.9988328627663128e-02,
-2.7150380415050059e-02,-5.0267106337429660e-02,
-6.8129525106031957e-03,-1.8480111829173532e-02,
-1.5801072586679787e-02,8.7461037650894032e-03,
-1.9273075667308653e-02,2.2487060686971014e-02,
-1.9971334676371501e-02,1.5185477476396300e-02,
-2.4453781530494934e-02,7.9703794638019410e-03,
-2.7663689251840391e-02,-3.7801581915782000e-03,
-2.7709291572161267e-02,-1.5455769597755194e-02,
-2.6752338719322893e-02,-2.6359467358514237e-02,
-2.3234275974189207e-02,-3.2026471619798672e-02,
-1.8682054952088363e-02,-3.2177239710344988e-02,
-2.6583235385341922e-02,-5.0291669932492337e-02,
-2.6485979237973585e-02,-5.6306089864995842e-02,
-1.2277613515317455e-02,-4.1216576712280774e-02,
-9.1293780733420621e-03,1.2575413381613224e-02,
-1.0221879839440014e-02,2.4735397276544883e-02,
-1.2548215977237598e-02,1.9040046304961859e-02,
-1.6247503992132661e-02,1.0859075384492479e-02,
-1.7395886252468833e-02,-1.6594650416072894e-03,
-1.7523716391867766e-02,-1.5441162000750252e-02,
-1.7477676705555504e-02,-2.7901173267114658e-02,
-1.6597728588973786e-02,-3.4655111182947153e-02,
-1.4441966349089431e-02,-3.4743653664180522e-02,
-1.6602480085550559e-02,-4.4959671544389568e-02,
-1.9427659136429919e-02,-5.9100919609248147e-02,
-1.2649724266727898e-02,-5.6398651368609970e-02,
-3.1633401328287625e-03,1.2375944703712484e-02,
-9.9984833596804615e-04,2.1781013587316697e-02,
-2.3972706618342367e-03,2.0439210129705097e-02,
-2.4397720543579346e-03,1.3705241943705714e-02,
-2.2678965123774826e-03,3.4769476555004605e-04,
-3.8793524166657600e-03,-1.5106026997567905e-02,
-6.4111143774415909e-03,-2.7925427285850117e-02,
-6.9202144849223012e-03,-3.4411785099055354e-02,
-6.8793478891955064e-03,-3.4641896199972044e-02,
-8.0956603428583539e-03,-3.6455225113990984e-02,
-1.2600837488672752e-02,-6.2178871398641429e-02,
-1.1263278728972426e-02,-6.2846206118593984e-02,
7.0245711050359247e-04,1.0512754637871009e-02,
5.4425978499399452e-03,1.4733889445151204e-02,
8.8641938131523608e-03,1.9664174515402602e-02,
9.8490561184701453e-03,1.2185353286337967e-02,
1.2309892457259386e-02,6.2293611817033218e-04,
9.1379931389065951e-03,-1.4435868187560270e-02,
5.9814090162028204e-03,-2.5076424253916922e-02,
2.7618209894377937e-03,-3.2036175833064139e-02,
9.4117310631990081e-05,-3.2446928496134009e-02,
-2.9581704590449023e-03,-3.1133375575187094e-02,
-7.7261993276535185e-03,-6.3408076395101112e-02,
-7.6823638625173329e-03,-6.6852527357896013e-02,
1.4049813766653173e-02,1.2629272201165817e-02,
2.0372403498237254e-02,9.8615258275951585e-03,
2.0796405313386546e-02,5.5364275353285072e-04,
1.9810398117592651e-02,-1.0697407851188154e-02,
1.6108870780586797e-02,-2.0978671676206904e-02,
1.0840322275192417e-02,-2.7172780445353314e-02,
1.2484336267278812e-02,7.4043826889549844e-03,
1.6745003738195378e-02,5.1030272113082725e-03,
2.0756708553024812e-02,1.1467919279749793e-03,
2.4770534838956540e-02,-7.6708465102964078e-03,
1.8014207921979931e-02,-1.5998385640494505e-02,
1.1998257401380899e-02,-2.1540983313981028e-02,
-5.1799406500340553e-03,-6.7297561088028687e-02,
-3.5873599329889205e-03,-7.2426887787610361e-02,
-3.9096197194664756e-03,-7.3943700127096973e-02,
-3.9337743483148363e-03,-7.6966807344013385e-02,
-2.3151730393393549e-03,-7.7380803122918368e-02,
-6.7340802065132474e-04,-2.8591481084928521e-02,
7.7600462702706596e-04,-2.2720123222865467e-02,
1.9603733140725541e-04,-2.0441066570570196e-02,
9.0411407424243959e-04,-1.7404052222932745e-02,
-1.6654294871430442e-03,7.7446899131033281e-04,
-1.6934226506269828e-03,5.7389687731121755e-04,
-1.7168069303210576e-03,5.5985237941420449e-04,
-1.7185890058106709e-03,7.0079977636127236e-04,
-1.4019307068589698e-03,7.1721577701706549e-04,
-7.4615723937198133e-04,7.1752088901815350e-04,
-1.0896101183979004e-03,9.3934186500521308e-04,
-1.4462434636040022e-03,1.1607376501402249e-03,
-1.3831986112766634e-03,1.1973309844031041e-03,
-1.2270814009681455e-03,1.1621168614129838e-03,
-1.2381769265819541e-03,1.1696575552664588e-03,
-1.0511917216076035e-03,1.0509295443724732e-03,
-1.0660927177327147e-03,1.0396459620571827e-03,
-2.7952086188756664e-04,1.0753105279315105e-03,
2.5894313795821189e-04,1.0832391090683895e-03,
7.1920562219694034e-04,1.0354563312439773e-03,
7.1288612553307637e-04,9.6442251293458320e-04,
1.0693185688312144e-03,8.6481098842864854e-04,
1.8967354462192977e-03,7.2548305949261468e-04,
2.7396257517823090e-03,7.7535335316873330e-04,
3.2127637699216512e-03,1.1501413510054161e-03,
3.8467242106076729e-03,1.1382081881207116e-03,
6.2476279635912506e-03,1.3242897499737664e-03,
7.0656064568940247e-03,1.6723304615393481e-03,
1.8308490370728785e-03,4.1436719249510201e-04,
2.0019864216753690e-03,1.2601597277242180e-04,
2.3230158237982183e-03,7.1406385800304450e-05,
2.5905764979766918e-03,3.1975549342234261e-04,
2.8806558010730753e-03,1.4148542902027439e-04,
3.8718629935689773e-03,1.1244635230266836e-04,
3.9122247244435804e-03,3.7128831521471978e-04,
3.6245517408102258e-03,8.2063528787311088e-04,
3.6947340149895806e-03,6.3271936368672690e-04,
4.1143132850408465e-03,5.8654627376924368e-04,
4.2009996867705054e-03,6.3246439582273842e-04,
4.5208163766824391e-03,7.9623385163122076e-04,
4.5714090835226144e-03,6.6407957081847033e-04,
5.6685387125487603e-03,6.4791884099756059e-04,
6.2232283909736535e-03,6.2050579043387843e-04,
6.6911150427125046e-03,6.0234040618890525e-04,
6.7243895949566368e-03,3.3968824940978221e-04,
7.0846348181010793e-03,3.1455704456922334e-04,
7.5809739501196544e-03,-5.4874718366515474e-06,
8.8563290858278618e-03,2.1565038496974137e-05,
8.6705398364762508e-03,2.3210359460801647e-04,
9.1448184034821182e-03,8.9291209859201220e-05,
1.1448516267110517e-02,2.4844439315661188e-04,
1.1862093348756056e-02,5.4752276558869481e-04,
1.1954834768424155e-02,-1.9690527728988758e-03,
7.1995643930414625e-03,-3.9206786534660594e-03,
4.7548457390681961e-03,-5.7835345549833543e-03,
2.7249079617992188e-03,-1.4630741758246336e-02,
1.5480089179498953e-02,-5.6989407922387880e-04,
1.2761904983330258e-02,-1.5882536009616637e-03,
1.2223911806481181e-02,-3.5655568582275664e-03,
1.0523840381370133e-02,-1.1669879940339432e-02,
-1.4117196291707386e-03,-1.3877787807814457e-17,
-2.4440454614807344e-03,-2.7755575615628914e-17,
-4.4018161631450524e-03,-2.4286128663675299e-17,
-9.9886977082911735e-03,-2.0816681711721685e-17,
-2.8632053178619526e-03,3.2081609810616050e-03,
-2.6890602033886012e-03,2.5064501266402681e-03,
-1.8825684344666201e-03,-5.9144931662327704e-06,
-5.5395417319510989e-04,-9.7185342249825335e-05,
-2.1028305310382134e-03,1.7968774014324798e-03,
-1.9928589722936589e-03,1.8023450358673407e-03,
-2.3096177718811353e-03,1.7588297935330413e-03,
-2.2905792892097716e-03,1.7351885485019994e-03,
-2.0887276642334793e-03,1.6909870038292925e-03,
-1.8097364986842980e-03,1.6856318729807293e-03,
-1.8172752896792425e-03,1.5724891038215137e-03,
-1.7093120735131792e-03,1.3064848400882838e-03,
-9.8084352907137212e-04,1.2544836312471004e-03,
-8.5815344171509544e-04,1.1652967369728019e-03,
-1.2567105691957021e-03,1.0408984407587300e-03,
-1.3708774675132117e-03,1.0406669635750730e-03,
-1.3355720423433824e-03,1.0224191525057755e-03,
-9.0226540131751326e-04,1.0196955059477916e-03,
-4.4148679075602798e-04,9.3433290425407739e-04,
-2.1070915467213958e-04,6.7146481947253506e-04,
3.6317648963609533e-05,6.8133256041321560e-04,
1.8605479727798468e-04,9.1624492169092853e-04,
5.5565360084005450e-04,5.9519936557053330e-04,
1.3424050245454365e-03,4.9568077642467637e-04,
1.4601592837240988e-03,4.9500836880289958e-04,
1.4435810389284431e-03,5.7177428526502400e-04,
1.5813641981635325e-03,4.0670418202072567e-04,
1.3200531385126623e-02,2.1185426282259445e-06,
1.4148587585319006e-02,1.1954176274581174e-04,
1.4287113128025986e-02,-1.5156983972361773e-04,
1.5087133173025416e-02,-1.9838552717913946e-04,
1.5366855461291948e-02,9.3665839967276010e-05,
-5.8124147214017423e-03,-2.0816681711721685e-17,
-4.2162728905044793e-03,-2.0816681711721685e-17,
-2.9737723652843336e-03,-2.7755575615628914e-17,

224,2
-6.5639280267918605e-03,-5.0824033067292315e-04,
-6.8668766071071363e-03,-1.2989552873247899e-03,
-6.5490072969074838e-03,-2.9699265004391254e-03,
-5.8439309346864851e-03,-4.7172695878472011e-03,
-5.1174664752191325e-03,-6.2440819792314653e-03,
-3.3162873238786784e-03,-8.1240786805106859e-03,
-9.7594286586622295e-04,-7.9577674212107548e-03,
-2.2670950408285040e-04,-6.9684999922376666e-03,
-2.3643254842998021e-04,-5.9793518075203986e-03,
-4.9582553363932899e-04,-4.4560737071824251e-03,
-4.9053208019354463e-04,-2.3833147664014780e-03,
1.0408340855860843e-17,1.9996614665945475e-04,
-7.6379025135834278e-03,1.0050353445445713e-03,
-8.1104799647786600e-03,-1.6026070774591977e-04,
-8.7295859207440381e-03,1.6753767072934800e-03,
-1.0344733371360923e-02,2.3635876382354752e-03,
-1.4041025621955326e-02,1.3162775136500750e-03,
-1.5321747515024600e-02,-4.8117699931098899e-03,
-9.8018354089423436e-03,-1.0588370303802615e-02,
-3.8544298125833300e-03,-9.2466550459031419e-03,
-1.0693130328150030e-03,-6.2816859319379421e-03,
-6.1287734011044454e-04,-4.0974710452742306e-03,
-4.6523898206205297e-04,-1.4722980647265647e-03,
3.4694469519536142e-17,1.0618363911888591e-03,
-8.1861369602557986e-03,3.3396861279664375e-03,
-9.9919922530697335e-03,1.0245242326550767e-02,
-1.4714823660174979e-02,1.3824727352432616e-02,
-2.5260490031693839e-02,1.3235091295813746e-02,
-3.4042374564539540e-02,5.5331830106635088e-03,
-3.3047623284320482e-02,-3.7303879114144907e-03,
-3.3183376260947577e-02,-1.2557803368783524e-02,
-2.4544894835853252e-02,-2.0677347785588093e-02,
-8.9182629657495079e-03,-1.1802882564489435e-02,
-1.8506262287799058e-03,-4.9076790031507243e-03,
-4.6295076771176238e-04,-1.5861369558356694e-03,
9.5107484633372152e-05,9.4421019236579085e-04,
-9.1848988815549683e-03,1.1727240791879423e-02,
-1.4031827797599001e-02,2.1241121899782386e-02,
-2.5828199013109121e-02,2.1234282134670938e-02,
-2.6962882065947536e-02,1.4463446757044425e-02,
-2.7190951032150756e-02,5.2455568551796374e-03,
-2.7549646744380988e-02,-4.0420434512221243e-03,
-2.4967689053658707e-02,-1.2519456273074065e-02,
-2.4174919851829041e-02,-2.0783757842770718e-02,
-2.5837358458443472e-02,-2.7643542330697529e-02,
-8.4459095043587368e-03,-1.3373122475245081e-02,
-1.0045444841798173e-03,-3.1214262350710599e-03,
1.7347234759768071e-17,3.4333616089995619e-04,
-1.0016790914333353e-02,2.1222709035752334e-02,
-1.6527421044752091e-02,2.5630800801031393e-02,
-1.9773249698906707e-02,2.2998684061529065e-02,
-2.0532626552613526e-02,1.4571153917087565e-02,
-2.5031682741067787e-02,7.1557473305441134e-03,
-2.7223774870861948e-02,-4.6341186642466572e-03,
-2.3703142239302907e-02,-1.4668275262927098e-02,
-1.8544222850642215e-02,-2.0980443499357685e-02,
-1.7427031226553088e-02,-2.5801044955873015e-02,
-1.9858903895982900e-02,-3.3125555916841992e-02,
-2.8902796830226549e-03,-6.6683115795517639e-03,
1.3877787807814457e-17,2.6106051419518689e-04,
-7.4435555537812823e-03,2.5692016147823498e-02,
-9.7425300146909838e-03,2.8034979202702894e-02,
-1.0880153288168840e-02,2.4105389724166482e-02,
-1.3361455799393383e-02,1.8538933482342725e-02,
-1.7132089212375069e-02,9.9772048903976861e-03,
-1.8221008524872472e-02,-2.6656517774956631e-03,
-1.7261038660028760e-02,-1.6092145765989611e-02,
-1.4931013100078817e-02,-2.4472332038366892e-02,
-1.2130836294982881e-02,-2.7099144236008118e-02,
-1.2135543203660868e-02,-3.1099877233959586e-02,
-8.5293630966284673e-03,-2.2392254073426619e-02,
8.6811303390867123e-06,3.1225022567582528e-17,
-1.6535317622782056e-03,2.6137346112988603e-02,
-4.6510617166992813e-04,2.8633048695059775e-02,
-8.8624638419322957e-04,2.5919003276721985e-02,
-2.7105867323314256e-03,2.0132163169221087e-02,
-2.7212073800074350e-03,1.2918317441390575e-02,
-3.3520220466960807e-03,-7.3001204224744376e-04,
-4.9066575596003782e-03,-1.6033568922018071e-02,
-7.2243320115935976e-03,-2.7006775610023459e-02,
-6.3983956590845971e-03,-3.1462891533377002e-02,
-6.2801760343798307e-03,-3.0545434846350077e-02,
-8.9318825864977136e-03,-3.8349673320170946e-02,
3.8163916471489756e-17,1.3877787807814457e-17,
4.7338369010588785e-03,2.5292477598214305e-02,
8.5724655074829667e-03,2.8585567556086235e-02,
9.0067578096148307e-03,2.6200224623711219e-02,
1.1522451132939690e-02,2.0325213056835253e-02,
1.2104032660756589e-02,1.3673302525417260e-02,
1.1779960875103374e-02,5.0718278439211908e-04,
8.1467272651731433e-03,-1.5450277440957248e-02,
5.0457489389251903e-03,-2.5868433364129705e-02,
1.9981267073989582e-03,-2.9846285728277570e-02,
-4.1022778312901215e-04,-2.7787566470983051e-02,
-3.4823391291990829e-03,-3.2471711009018155e-02,
2.0816681711721685e-17,2.4286128663675299e-17,
7.1197777403527486e-03,2.0656042652223938e-02,
1.3938133760787400e-02,2.6161093813109899e-02,
1.9657603572581544e-02,2.5511592414334455e-02,
2.1080919204157351e-02,2.0138824571048101e-02,
2.1380789929910958e-02,1.3337412154773357e-02,
2.0304478716558719e-02,5.2504746936195973e-04,
1.9097043135932613e-02,-1.1610318169291509e-02,
1.5276602392669123e-02,-2.1812458703007416e-02,
1.0079879293976433e-02,-2.6576242696789661e-02,
3.4978733995821958e-03,-2.5878868359285791e-02,
-1.0669182985660643e-03,-2.9885819919287984e-02,
1.0693259536811647e-04,3.1225022567582528e-17,
2.2700586327403686e-02,2.1242834529245695e-02,
2.6439972358221618e-02,1.9212273390552603e-02,
2.7764775035176395e-02,1.1541823373720606e-02,
2.7788636019252307e-02,1.0238562232819798e-03,
2.6362745917962983e-02,-8.4496453059372464e-03,
2.1409005104051342e-02,-1.6804153476481395e-02,
2.1593925403716702e-02,1.3864381281268469e-02,
2.6336166890056651e-02,1.3780840007871241e-02,
2.8442922417228997e-02,9.0609424823230485e-03,
2.8436633831228363e-02,1.1660051476974770e-03,
2.7335993637873916e-02,-4.8560913879445861e-03,
2.1506314043390977e-02,-1.1552144684374210e-02,
3.1225022567582528e-17,3.4694469519536142e-17,
1.8317747229885939e-04,2.7755575615628914e-17,
2.0816681711721685e-17,4.1633363423443370e-17,
2.0816681711721685e-17,2.4286128663675299e-17,
7.4096456303297288e-03,1.3877787807814457e-17,
5.5988539355838404e-03,-1.9649532941300094e-02,
6.0461292778738324e-03,-1.3065369218389796e-02,
5.5960104216672309e-03,-1.0437358793877499e-02,
4.4348033277503453e-03,-6.1950158590684951e-03,
1.6682630891661533e-03,1.1335624290579466e-03,
1.7609344186701147e-03,1.0252942814416022e-03,
2.0066780534117867e-03,9.5703964682491288e-04,
2.2725694464492754e-03,9.6564188010063098e-04,
3.2061295162392027e-03,9.3157132602449469e-04,
3.7697109957829482e-03,1.0863888103078631e-03,
3.8279632462400910e-03,1.2238706250968651e-03,
3.1898232507418869e-03,1.3052078673904295e-03,
3.4064540357089911e-03,1.3032951725170799e-03,
3.5402195259318578e-03,1.2504129719949596e-03,
3.8020172496756807e-03,1.2598092148639328e-03,
3.8419688794486401e-03,1.2125559612646969e-03,
4.8513541300183316e-03,1.1441620478517892e-03,
5.4903058846191288e-03,1.2996946553329239e-03,
5.8845318791377541e-03,1.4264065680658911e-03,
6.1843846451934345e-03,1.4472199689455414e-03,
6.2528206542332779e-03,1.5288909763888081e-03,
6.7857850054785195e-03,1.5658603221667955e-03,
8.0547180790537347e-03,1.5214576127358034e-03,
8.2496145811283769e-03,1.8504027225660150e-03,
8.3124983645057500e-03,2.0347288396244598e-03,
1.0601375207140259e-02,2.4612763814742117e-03,
1.1145172857998539e-02,2.8102179208803098e-03,
1.2463560690105811e-02,3.1054018438284037e-03,
2.2599810523533950e-02,8.6112791870587846e-04,
2.3249349962644494e-02,7.4439390494544441e-04,
2.4521257443695994e-02,6.6839613698753755e-04,
2.4688938580649078e-02,8.2246033135976657e-04,
2.6021906408292356e-02,8.0821233233288950e-04,
2.7515806492565950e-02,8.9281190039173022e-04,
2.7736393255373658e-02,1.1945082469133617e-03,
2.7330359141932242e-02,1.2922633576917704e-03,
2.7813797210615797e-02,1.2854984414237165e-03,
2.8414140292534116e-02,1.1752154355576597e-03,
2.9027970002646421e-02,1.1928938982121995e-03,
2.9187616586242620e-02,1.1923327284695598e-03,
3.0444576245769562e-02,1.1449358482196990e-03,
3.1435062587928386e-02,1.1081634602653316e-03,
3.1920288135455291e-02,1.1087370466341048e-03,
3.2358801150729047e-02,1.0584429692428038e-03,
3.2490343412951705e-02,1.0048909560843727e-03,
3.3016332509479121e-02,9.2096755609308648e-04,
3.4719596603900393e-02,8.0990501376668536e-04,
3.5276051629923026e-02,1.1999452043888331e-03,
3.4833305717972177e-02,1.2440003493054894e-03,
3.6935010588011671e-02,1.2246860100455330e-03,
3.7445181014327672e-02,1.6644224755527418e-03,
3.7333392088347503e-02,1.7831820666790871e-03,
1.5824007517818525e-02,8.2036873539498290e-06,
1.5550201117852887e-02,-6.4463679498435317e-04,
1.2214165870749062e-02,-1.7120170693902398e-03,
1.1277096883473087e-02,-3.9062314821611058e-03,
4.1072246399965776e-02,4.0533930707728830e-04,
4.1166582895465709e-02,-1.8965359757407152e-05,
3.8578652736528628e-02,-5.9489241799771594e-04,
3.8535720322161834e-02,-2.2796002074062377e-03,
3.1225022567582528e-17,4.7587359317403273e-03,
2.7755575615628914e-17,5.8071440880871454e-03,
2.0816681711721685e-17,7.9599976194356069e-03,
1.0000000000000009e-01,1.7394110192473191e-02,
-1.2577320167268848e-03,3.9460901885119207e-03,
-2.0602125304151550e-04,3.3825520120716948e-03,
1.0000000000000006e-01,3.6651256774575432e-03,
1.0000000000000005e-01,4.4131236347702413e-03,
6.6393487164808848e-04,2.9352682878787742e-03,
1.2376337083298689e-03,2.5074482392427669e-03,
1.6906714223240416e-03,2.2966367226732037e-03,
2.9898132726402307e-03,2.1407899273284403e-03,
4.4759023595162435e-03,2.0797136459870351e-03,
5.3758237183838542e-03,1.9973953297350300e-03,
6.3108703169205346e-03,1.9936096205082215e-03,
8.1113295046423180e-03,1.8559798487727402e-03,
9.7947354557002819e-03,1.9261364909534430e-03,
1.0153755739057711e-02,1.9951529530462565e-03,
1.0596714889171067e-02,1.9770403875355447e-03,
1.1368843682307637e-02,1.7417157663638452e-03,
1.2660195193038720e-02,1.4811101578472846e-03,
1.4086965897919829e-02,1.3190912529727032e-03,
1.4730274784180875e-02,1.3288047978593683e-03,
1.6072229007219652e-02,1.2088906466302153e-03,
1.7050481416364491e-02,1.4169011984181724e-03,
1.7504090038126734e-02,1.4638901552573441e-03,
1.9017855245399284e-02,1.3642136501640610e-03,
1.9942129897994484e-02,1.1766803463797923e-03,
2.0502555152852833e-02,1.0830826907774829e-03,
2.0974156814613166e-02,9.8790747147944544e-04,
2.1928134933829554e-02,9.1603643293404133e-04,
3.9591611040511308e-02,1.5458871372342649e-03,
4.0025793842737113e-02,1.3149957792119964e-03,
3.8403435003038708e-02,1.2724758132964739e-03,
4.1208393816032973e-02,6.2618251396603930e-04,
4.1217134217101783e-02,6.7438993630915614e-04,
1.0000000000000003e-01,7.3903645077027964e-03,
1.0000000000000006e-01,5.2809404518217688e-03,
1.0000000000000006e-01,4.3956000205813729e-03,

