1
1
2
0
(256 0
((0,0) (31,31) (0,0))
((32,0) (63,31) (0,0))
((64,0) (95,31) (0,0))
((96,0) (127,31) (0,0))
((128,0) (159,31) (0,0))
((160,0) (191,31) (0,0))
((192,0) (223,31) (0,0))
((224,0) (255,31) (0,0))
((256,0) (287,31) (0,0))
((288,0) (319,31) (0,0))
((320,0) (351,31) (0,0))
((352,0) (383,31) (0,0))
((384,0) (415,31) (0,0))
((416,0) (447,31) (0,0))
((448,0) (479,31) (0,0))
((480,0) (511,31) (0,0))
((0,32) (31,63) (0,0))
((32,32) (63,63) (0,0))
((64,32) (95,63) (0,0))
((96,32) (127,63) (0,0))
((128,32) (159,63) (0,0))
((160,32) (191,63) (0,0))
((192,32) (223,63) (0,0))
((224,32) (255,63) (0,0))
((256,32) (287,63) (0,0))
((288,32) (319,63) (0,0))
((320,32) (351,63) (0,0))
((352,32) (383,63) (0,0))
((384,32) (415,63) (0,0))
((416,32) (447,63) (0,0))
((448,32) (479,63) (0,0))
((480,32) (511,63) (0,0))
((0,64) (31,95) (0,0))
((32,64) (63,95) (0,0))
((64,64) (95,95) (0,0))
((96,64) (127,95) (0,0))
((128,64) (159,95) (0,0))
((160,64) (191,95) (0,0))
((192,64) (223,95) (0,0))
((224,64) (255,95) (0,0))
((256,64) (287,95) (0,0))
((288,64) (319,95) (0,0))
((320,64) (351,95) (0,0))
((352,64) (383,95) (0,0))
((384,64) (415,95) (0,0))
((416,64) (447,95) (0,0))
((448,64) (479,95) (0,0))
((480,64) (511,95) (0,0))
((0,96) (31,127) (0,0))
((32,96) (63,127) (0,0))
((64,96) (95,127) (0,0))
((96,96) (127,127) (0,0))
((128,96) (159,127) (0,0))
((160,96) (191,127) (0,0))
((192,96) (223,127) (0,0))
((224,96) (255,127) (0,0))
((256,96) (287,127) (0,0))
((288,96) (319,127) (0,0))
((320,96) (351,127) (0,0))
((352,96) (383,127) (0,0))
((384,96) (415,127) (0,0))
((416,96) (447,127) (0,0))
((448,96) (479,127) (0,0))
((480,96) (511,127) (0,0))
((0,128) (31,159) (0,0))
((32,128) (63,159) (0,0))
((64,128) (95,159) (0,0))
((96,128) (127,159) (0,0))
((128,128) (159,159) (0,0))
((160,128) (191,159) (0,0))
((192,128) (223,159) (0,0))
((224,128) (255,159) (0,0))
((256,128) (287,159) (0,0))
((288,128) (319,159) (0,0))
((320,128) (351,159) (0,0))
((352,128) (383,159) (0,0))
((384,128) (415,159) (0,0))
((416,128) (447,159) (0,0))
((448,128) (479,159) (0,0))
((480,128) (511,159) (0,0))
((0,160) (31,191) (0,0))
((32,160) (63,191) (0,0))
((64,160) (95,191) (0,0))
((96,160) (127,191) (0,0))
((128,160) (159,191) (0,0))
((160,160) (191,191) (0,0))
((192,160) (223,191) (0,0))
((224,160) (255,191) (0,0))
((256,160) (287,191) (0,0))
((288,160) (319,191) (0,0))
((320,160) (351,191) (0,0))
((352,160) (383,191) (0,0))
((384,160) (415,191) (0,0))
((416,160) (447,191) (0,0))
((448,160) (479,191) (0,0))
((480,160) (511,191) (0,0))
((0,192) (31,223) (0,0))
((32,192) (63,223) (0,0))
((64,192) (95,223) (0,0))
((96,192) (127,223) (0,0))
((128,192) (159,223) (0,0))
((160,192) (191,223) (0,0))
((192,192) (223,223) (0,0))
((224,192) (255,223) (0,0))
((256,192) (287,223) (0,0))
((288,192) (319,223) (0,0))
((320,192) (351,223) (0,0))
((352,192) (383,223) (0,0))
((384,192) (415,223) (0,0))
((416,192) (447,223) (0,0))
((448,192) (479,223) (0,0))
((480,192) (511,223) (0,0))
((0,224) (31,255) (0,0))
((32,224) (63,255) (0,0))
((64,224) (95,255) (0,0))
((96,224) (127,255) (0,0))
((128,224) (159,255) (0,0))
((160,224) (191,255) (0,0))
((192,224) (223,255) (0,0))
((224,224) (255,255) (0,0))
((256,224) (287,255) (0,0))
((288,224) (319,255) (0,0))
((320,224) (351,255) (0,0))
((352,224) (383,255) (0,0))
((384,224) (415,255) (0,0))
((416,224) (447,255) (0,0))
((448,224) (479,255) (0,0))
((480,224) (511,255) (0,0))
((0,256) (31,287) (0,0))
((32,256) (63,287) (0,0))
((64,256) (95,287) (0,0))
((96,256) (127,287) (0,0))
((128,256) (159,287) (0,0))
((160,256) (191,287) (0,0))
((192,256) (223,287) (0,0))
((224,256) (255,287) (0,0))
((256,256) (287,287) (0,0))
((288,256) (319,287) (0,0))
((320,256) (351,287) (0,0))
((352,256) (383,287) (0,0))
((384,256) (415,287) (0,0))
((416,256) (447,287) (0,0))
((448,256) (479,287) (0,0))
((480,256) (511,287) (0,0))
((0,288) (31,319) (0,0))
((32,288) (63,319) (0,0))
((64,288) (95,319) (0,0))
((96,288) (127,319) (0,0))
((128,288) (159,319) (0,0))
((160,288) (191,319) (0,0))
((192,288) (223,319) (0,0))
((224,288) (255,319) (0,0))
((256,288) (287,319) (0,0))
((288,288) (319,319) (0,0))
((320,288) (351,319) (0,0))
((352,288) (383,319) (0,0))
((384,288) (415,319) (0,0))
((416,288) (447,319) (0,0))
((448,288) (479,319) (0,0))
((480,288) (511,319) (0,0))
((0,320) (31,351) (0,0))
((32,320) (63,351) (0,0))
((64,320) (95,351) (0,0))
((96,320) (127,351) (0,0))
((128,320) (159,351) (0,0))
((160,320) (191,351) (0,0))
((192,320) (223,351) (0,0))
((224,320) (255,351) (0,0))
((256,320) (287,351) (0,0))
((288,320) (319,351) (0,0))
((320,320) (351,351) (0,0))
((352,320) (383,351) (0,0))
((384,320) (415,351) (0,0))
((416,320) (447,351) (0,0))
((448,320) (479,351) (0,0))
((480,320) (511,351) (0,0))
((0,352) (31,383) (0,0))
((32,352) (63,383) (0,0))
((64,352) (95,383) (0,0))
((96,352) (127,383) (0,0))
((128,352) (159,383) (0,0))
((160,352) (191,383) (0,0))
((192,352) (223,383) (0,0))
((224,352) (255,383) (0,0))
((256,352) (287,383) (0,0))
((288,352) (319,383) (0,0))
((320,352) (351,383) (0,0))
((352,352) (383,383) (0,0))
((384,352) (415,383) (0,0))
((416,352) (447,383) (0,0))
((448,352) (479,383) (0,0))
((480,352) (511,383) (0,0))
((0,384) (31,415) (0,0))
((32,384) (63,415) (0,0))
((64,384) (95,415) (0,0))
((96,384) (127,415) (0,0))
((128,384) (159,415) (0,0))
((160,384) (191,415) (0,0))
((192,384) (223,415) (0,0))
((224,384) (255,415) (0,0))
((256,384) (287,415) (0,0))
((288,384) (319,415) (0,0))
((320,384) (351,415) (0,0))
((352,384) (383,415) (0,0))
((384,384) (415,415) (0,0))
((416,384) (447,415) (0,0))
((448,384) (479,415) (0,0))
((480,384) (511,415) (0,0))
((0,416) (31,447) (0,0))
((32,416) (63,447) (0,0))
((64,416) (95,447) (0,0))
((96,416) (127,447) (0,0))
((128,416) (159,447) (0,0))
((160,416) (191,447) (0,0))
((192,416) (223,447) (0,0))
((224,416) (255,447) (0,0))
((256,416) (287,447) (0,0))
((288,416) (319,447) (0,0))
((320,416) (351,447) (0,0))
((352,416) (383,447) (0,0))
((384,416) (415,447) (0,0))
((416,416) (447,447) (0,0))
((448,416) (479,447) (0,0))
((480,416) (511,447) (0,0))
((0,448) (31,479) (0,0))
((32,448) (63,479) (0,0))
((64,448) (95,479) (0,0))
((96,448) (127,479) (0,0))
((128,448) (159,479) (0,0))
((160,448) (191,479) (0,0))
((192,448) (223,479) (0,0))
((224,448) (255,479) (0,0))
((256,448) (287,479) (0,0))
((288,448) (319,479) (0,0))
((320,448) (351,479) (0,0))
((352,448) (383,479) (0,0))
((384,448) (415,479) (0,0))
((416,448) (447,479) (0,0))
((448,448) (479,479) (0,0))
((480,448) (511,479) (0,0))
((0,480) (31,511) (0,0))
((32,480) (63,511) (0,0))
((64,480) (95,511) (0,0))
((96,480) (127,511) (0,0))
((128,480) (159,511) (0,0))
((160,480) (191,511) (0,0))
((192,480) (223,511) (0,0))
((224,480) (255,511) (0,0))
((256,480) (287,511) (0,0))
((288,480) (319,511) (0,0))
((320,480) (351,511) (0,0))
((352,480) (383,511) (0,0))
((384,480) (415,511) (0,0))
((416,480) (447,511) (0,0))
((448,480) (479,511) (0,0))
((480,480) (511,511) (0,0))
)
256
FabOnDisk: Cell_D_00000 0
FabOnDisk: Cell_D_00000 16466
FabOnDisk: Cell_D_00000 32933
FabOnDisk: Cell_D_00000 49400
FabOnDisk: Cell_D_00000 65868
FabOnDisk: Cell_D_00000 82337
FabOnDisk: Cell_D_00000 98806
FabOnDisk: Cell_D_00000 115275
FabOnDisk: Cell_D_00001 0
FabOnDisk: Cell_D_00001 16469
FabOnDisk: Cell_D_00001 32938
FabOnDisk: Cell_D_00001 49407
FabOnDisk: Cell_D_00001 65876
FabOnDisk: Cell_D_00001 82345
FabOnDisk: Cell_D_00001 98814
FabOnDisk: Cell_D_00001 115283
FabOnDisk: Cell_D_00000 131744
FabOnDisk: Cell_D_00000 148211
FabOnDisk: Cell_D_00000 164679
FabOnDisk: Cell_D_00000 181147
FabOnDisk: Cell_D_00000 197616
FabOnDisk: Cell_D_00000 214086
FabOnDisk: Cell_D_00000 230556
FabOnDisk: Cell_D_00000 247026
FabOnDisk: Cell_D_00001 131752
FabOnDisk: Cell_D_00001 148222
FabOnDisk: Cell_D_00001 164692
FabOnDisk: Cell_D_00001 181162
FabOnDisk: Cell_D_00001 197632
FabOnDisk: Cell_D_00001 214102
FabOnDisk: Cell_D_00001 230572
FabOnDisk: Cell_D_00001 247042
FabOnDisk: Cell_D_00000 263496
FabOnDisk: Cell_D_00000 279963
FabOnDisk: Cell_D_00000 296431
FabOnDisk: Cell_D_00000 312899
FabOnDisk: Cell_D_00000 329368
FabOnDisk: Cell_D_00000 345838
FabOnDisk: Cell_D_00000 362308
FabOnDisk: Cell_D_00000 378778
FabOnDisk: Cell_D_00001 263512
FabOnDisk: Cell_D_00001 279982
FabOnDisk: Cell_D_00001 296452
FabOnDisk: Cell_D_00001 312922
FabOnDisk: Cell_D_00001 329392
FabOnDisk: Cell_D_00001 345862
FabOnDisk: Cell_D_00001 362332
FabOnDisk: Cell_D_00001 378802
FabOnDisk: Cell_D_00000 395248
FabOnDisk: Cell_D_00000 411716
FabOnDisk: Cell_D_00000 428185
FabOnDisk: Cell_D_00000 444654
FabOnDisk: Cell_D_00000 461124
FabOnDisk: Cell_D_00000 477595
FabOnDisk: Cell_D_00000 494066
FabOnDisk: Cell_D_00000 510537
FabOnDisk: Cell_D_00001 395272
FabOnDisk: Cell_D_00001 411743
FabOnDisk: Cell_D_00001 428214
FabOnDisk: Cell_D_00001 444685
FabOnDisk: Cell_D_00001 461156
FabOnDisk: Cell_D_00001 477627
FabOnDisk: Cell_D_00001 494098
FabOnDisk: Cell_D_00001 510569
FabOnDisk: Cell_D_00000 527008
FabOnDisk: Cell_D_00000 543477
FabOnDisk: Cell_D_00000 559947
FabOnDisk: Cell_D_00000 576417
FabOnDisk: Cell_D_00000 592888
FabOnDisk: Cell_D_00000 609360
FabOnDisk: Cell_D_00000 625832
FabOnDisk: Cell_D_00000 642304
FabOnDisk: Cell_D_00001 527040
FabOnDisk: Cell_D_00001 543512
FabOnDisk: Cell_D_00001 559984
FabOnDisk: Cell_D_00001 576456
FabOnDisk: Cell_D_00001 592928
FabOnDisk: Cell_D_00001 609400
FabOnDisk: Cell_D_00001 625872
FabOnDisk: Cell_D_00001 642344
FabOnDisk: Cell_D_00000 658776
FabOnDisk: Cell_D_00000 675245
FabOnDisk: Cell_D_00000 691715
FabOnDisk: Cell_D_00000 708185
FabOnDisk: Cell_D_00000 724656
FabOnDisk: Cell_D_00000 741128
FabOnDisk: Cell_D_00000 757600
FabOnDisk: Cell_D_00000 774072
FabOnDisk: Cell_D_00001 658816
FabOnDisk: Cell_D_00001 675288
FabOnDisk: Cell_D_00001 691760
FabOnDisk: Cell_D_00001 708232
FabOnDisk: Cell_D_00001 724704
FabOnDisk: Cell_D_00001 741176
FabOnDisk: Cell_D_00001 757648
FabOnDisk: Cell_D_00001 774120
FabOnDisk: Cell_D_00000 790544
FabOnDisk: Cell_D_00000 807013
FabOnDisk: Cell_D_00000 823483
FabOnDisk: Cell_D_00000 839953
FabOnDisk: Cell_D_00000 856424
FabOnDisk: Cell_D_00000 872896
FabOnDisk: Cell_D_00000 889368
FabOnDisk: Cell_D_00000 905840
FabOnDisk: Cell_D_00001 790592
FabOnDisk: Cell_D_00001 807064
FabOnDisk: Cell_D_00001 823536
FabOnDisk: Cell_D_00001 840008
FabOnDisk: Cell_D_00001 856480
FabOnDisk: Cell_D_00001 872952
FabOnDisk: Cell_D_00001 889424
FabOnDisk: Cell_D_00001 905896
FabOnDisk: Cell_D_00000 922312
FabOnDisk: Cell_D_00000 938781
FabOnDisk: Cell_D_00000 955251
FabOnDisk: Cell_D_00000 971721
FabOnDisk: Cell_D_00000 988192
FabOnDisk: Cell_D_00000 1004664
FabOnDisk: Cell_D_00000 1021136
FabOnDisk: Cell_D_00000 1037608
FabOnDisk: Cell_D_00001 922368
FabOnDisk: Cell_D_00001 938840
FabOnDisk: Cell_D_00001 955312
FabOnDisk: Cell_D_00001 971784
FabOnDisk: Cell_D_00001 988256
FabOnDisk: Cell_D_00001 1004728
FabOnDisk: Cell_D_00001 1021200
FabOnDisk: Cell_D_00001 1037672
FabOnDisk: Cell_D_00002 0
FabOnDisk: Cell_D_00002 16469
FabOnDisk: Cell_D_00002 32939
FabOnDisk: Cell_D_00002 49409
FabOnDisk: Cell_D_00002 65880
FabOnDisk: Cell_D_00002 82352
FabOnDisk: Cell_D_00002 98824
FabOnDisk: Cell_D_00002 115296
FabOnDisk: Cell_D_00003 0
FabOnDisk: Cell_D_00003 16472
FabOnDisk: Cell_D_00003 32944
FabOnDisk: Cell_D_00003 49416
FabOnDisk: Cell_D_00003 65888
FabOnDisk: Cell_D_00003 82360
FabOnDisk: Cell_D_00003 98832
FabOnDisk: Cell_D_00003 115304
FabOnDisk: Cell_D_00002 131768
FabOnDisk: Cell_D_00002 148237
FabOnDisk: Cell_D_00002 164707
FabOnDisk: Cell_D_00002 181177
FabOnDisk: Cell_D_00002 197648
FabOnDisk: Cell_D_00002 214120
FabOnDisk: Cell_D_00002 230592
FabOnDisk: Cell_D_00002 247064
FabOnDisk: Cell_D_00003 131776
FabOnDisk: Cell_D_00003 148248
FabOnDisk: Cell_D_00003 164720
FabOnDisk: Cell_D_00003 181192
FabOnDisk: Cell_D_00003 197664
FabOnDisk: Cell_D_00003 214136
FabOnDisk: Cell_D_00003 230608
FabOnDisk: Cell_D_00003 247080
FabOnDisk: Cell_D_00002 263536
FabOnDisk: Cell_D_00002 280005
FabOnDisk: Cell_D_00002 296475
FabOnDisk: Cell_D_00002 312945
FabOnDisk: Cell_D_00002 329416
FabOnDisk: Cell_D_00002 345888
FabOnDisk: Cell_D_00002 362360
FabOnDisk: Cell_D_00002 378832
FabOnDisk: Cell_D_00003 263552
FabOnDisk: Cell_D_00003 280024
FabOnDisk: Cell_D_00003 296496
FabOnDisk: Cell_D_00003 312968
FabOnDisk: Cell_D_00003 329440
FabOnDisk: Cell_D_00003 345912
FabOnDisk: Cell_D_00003 362384
FabOnDisk: Cell_D_00003 378856
FabOnDisk: Cell_D_00002 395304
FabOnDisk: Cell_D_00002 411773
FabOnDisk: Cell_D_00002 428243
FabOnDisk: Cell_D_00002 444713
FabOnDisk: Cell_D_00002 461184
FabOnDisk: Cell_D_00002 477656
FabOnDisk: Cell_D_00002 494128
FabOnDisk: Cell_D_00002 510600
FabOnDisk: Cell_D_00003 395328
FabOnDisk: Cell_D_00003 411800
FabOnDisk: Cell_D_00003 428272
FabOnDisk: Cell_D_00003 444744
FabOnDisk: Cell_D_00003 461216
FabOnDisk: Cell_D_00003 477688
FabOnDisk: Cell_D_00003 494160
FabOnDisk: Cell_D_00003 510632
FabOnDisk: Cell_D_00002 527072
FabOnDisk: Cell_D_00002 543541
FabOnDisk: Cell_D_00002 560011
FabOnDisk: Cell_D_00002 576481
FabOnDisk: Cell_D_00002 592952
FabOnDisk: Cell_D_00002 609424
FabOnDisk: Cell_D_00002 625896
FabOnDisk: Cell_D_00002 642368
FabOnDisk: Cell_D_00003 527104
FabOnDisk: Cell_D_00003 543576
FabOnDisk: Cell_D_00003 560048
FabOnDisk: Cell_D_00003 576520
FabOnDisk: Cell_D_00003 592992
FabOnDisk: Cell_D_00003 609464
FabOnDisk: Cell_D_00003 625936
FabOnDisk: Cell_D_00003 642408
FabOnDisk: Cell_D_00002 658840
FabOnDisk: Cell_D_00002 675309
FabOnDisk: Cell_D_00002 691779
FabOnDisk: Cell_D_00002 708249
FabOnDisk: Cell_D_00002 724720
FabOnDisk: Cell_D_00002 741192
FabOnDisk: Cell_D_00002 757664
FabOnDisk: Cell_D_00002 774136
FabOnDisk: Cell_D_00003 658880
FabOnDisk: Cell_D_00003 675352
FabOnDisk: Cell_D_00003 691824
FabOnDisk: Cell_D_00003 708296
FabOnDisk: Cell_D_00003 724768
FabOnDisk: Cell_D_00003 741240
FabOnDisk: Cell_D_00003 757712
FabOnDisk: Cell_D_00003 774184
FabOnDisk: Cell_D_00002 790608
FabOnDisk: Cell_D_00002 807077
FabOnDisk: Cell_D_00002 823547
FabOnDisk: Cell_D_00002 840017
FabOnDisk: Cell_D_00002 856488
FabOnDisk: Cell_D_00002 872960
FabOnDisk: Cell_D_00002 889432
FabOnDisk: Cell_D_00002 905904
FabOnDisk: Cell_D_00003 790656
FabOnDisk: Cell_D_00003 807128
FabOnDisk: Cell_D_00003 823600
FabOnDisk: Cell_D_00003 840072
FabOnDisk: Cell_D_00003 856544
FabOnDisk: Cell_D_00003 873016
FabOnDisk: Cell_D_00003 889488
FabOnDisk: Cell_D_00003 905960
FabOnDisk: Cell_D_00002 922376
FabOnDisk: Cell_D_00002 938845
FabOnDisk: Cell_D_00002 955315
FabOnDisk: Cell_D_00002 971785
FabOnDisk: Cell_D_00002 988256
FabOnDisk: Cell_D_00002 1004728
FabOnDisk: Cell_D_00002 1021200
FabOnDisk: Cell_D_00002 1037672
FabOnDisk: Cell_D_00003 922432
FabOnDisk: Cell_D_00003 938904
FabOnDisk: Cell_D_00003 955376
FabOnDisk: Cell_D_00003 971848
FabOnDisk: Cell_D_00003 988320
FabOnDisk: Cell_D_00003 1004792
FabOnDisk: Cell_D_00003 1021264
FabOnDisk: Cell_D_00003 1037736

256,2
-1.0620803325777847e-04,-4.5507918847886852e-05,
-1.0226447249357951e-03,-3.8163916471489756e-17,
-1.0938530094015686e-03,-7.8649742056729338e-04,
-1.0721478950894807e-03,-5.2265003247980654e-04,
-1.1301471100358430e-03,-6.6731006326042550e-04,
-1.3860589839258426e-03,-2.7449414299348870e-04,
-1.3755779724879402e-03,-3.1019159762117957e-04,
-1.6599986202220432e-03,-3.0689599146935254e-04,
-1.6223916196244671e-03,-2.7653931266290177e-04,
-1.4640091708139624e-03,-5.8613928971177828e-04,
-1.3727281997699507e-03,-6.5798089342592250e-04,
-1.2598155672462474e-03,-6.1188905250127157e-04,
-1.1220456309957542e-03,-3.2192657344708164e-04,
-8.6863894067730832e-04,-2.2204120385007492e-04,
-2.7755575615628914e-17,-5.3918780417778339e-04,
-1.0553886961191944e-05,-5.2874753910234218e-04,
-1.0142766159187619e-04,-1.7893743242686222e-04,
-1.0121307987586634e-03,-2.9371956354265136e-04,
-1.0625811649198659e-03,-3.2252447674205667e-04,
-9.6760788941262915e-04,-4.4202605858777166e-04,
-1.0817837153187064e-03,-1.4325813319497269e-04,
-1.4099100006616863e-03,-6.9189233327531657e-05,
-1.5220782134364105e-03,-2.9666488929991006e-04,
-1.6262102866027410e-03,-3.0869019009753182e-04,
-1.5096957325960655e-03,-5.2085541711632821e-04,
-1.5610835043159792e-03,-6.5566447190190669e-04,
-1.4906664662882145e-03,-2.6689027291501577e-04,
-1.2109752356182397e-03,-1.8579715977030259e-04,
-1.0806522960450891e-03,-1.5176389232272533e-04,
-9.4381279175253727e-04,-3.0747013048921731e-04,
-3.5983213711487591e-04,-7.5065414972207492e-04,
-2.6949251197970828e-04,-9.0484555284889301e-04,
-6.9694210382053451e-04,-4.9179884722004921e-04,
-7.3903852454748620e-04,-3.2820744818953460e-04,
-8.7098933408235463e-04,-2.5762669165307894e-04,
-9.1809121970644336e-04,-2.3775700298602626e-04,
-1.0633286068261645e-03,-1.6798227208838015e-04,
-1.1396851974687303e-03,-8.3887557711454647e-05,
-1.4904853968800667e-03,-4.7206811309492142e-04,
-1.6812109140316826e-03,-1.1114371340323684e-04,
-1.7323104048547235e-03,-2.0400145048388510e-04,
-1.3692869901692321e-03,-1.6172048760950200e-04,
-1.3827136864218818e-03,-3.6490508697310797e-04,
-1.2579412102696128e-03,-2.2427199915846241e-04,
-1.1517222533172639e-03,-3.3853490198685818e-04,
-8.0109506638540579e-04,-3.3923256912894717e-04,
-5.2362827446166341e-04,-5.0032258841210125e-04,
-4.2857140498022903e-04,-6.8441593611621998e-04,
-1.0821103699156336e-03,-7.7405170445116883e-04,
-1.0660594930094261e-03,-2.8914285905856998e-04,
-8.3976317648279744e-04,-3.9365362692470041e-04,
-6.9616694460208906e-04,-7.9678497650309543e-05,
-1.0639903362380451e-03,-3.0723873286083239e-04,
-1.3041794613665378e-03,-5.1770142488130957e-04,
-1.3506750888345603e-03,-5.0352316074824682e-04,
-1.5249015128504136e-03,-3.7701483632247498e-04,
-1.6602047556133967e-03,-1.5247866651395964e-04,
-1.5162005714926784e-03,-1.7375441247158285e-04,
-1.3335812041438029e-03,-2.9521593591296316e-04,
-1.3552977669647401e-03,-2.7519282962001207e-04,
-1.2091345369086952e-03,-2.5041157941886952e-04,
-9.6404380924646274e-04,-1.3789008535471103e-04,
-1.1416955732391938e-03,-4.7866192725914622e-04,
-4.2233948706284566e-04,-3.3728564304586969e-04,
-6.2687891644014684e-04,-4.9902700613804404e-04,
-5.3458326885269525e-04,-1.6310490839568231e-04,
-6.3644060080465109e-04,-1.9066139511263180e-04,
-8.8667367643162701e-04,-1.2407788384573640e-04,
-1.2278405405146131e-03,-3.7804774076025810e-04,
-1.2678958455956783e-03,-5.2788666551788904e-04,
-1.3333202265424886e-03,-8.3653135611570090e-05,
-1.4228900273758512e-03,-3.1618676230708159e-04,
-1.6887239781578738e-03,-1.6425419258922144e-04,
-1.6016876360962981e-03,-1.8706409477773148e-04,
-1.3717032215568963e-03,-4.3794533581706027e-04,
-1.3988697798287368e-03,-7.2356524634763913e-04,
-1.4128193801711715e-03,-8.1504995307677894e-04,
-9.6124991172963359e-04,-8.2739637428689769e-04,
-1.1405096189814543e-03,-6.1557995602164878e-04,
-6.5892819571743838e-04,-8.1415666342679258e-04,
-7.3370520291643482e-04,-4.0622086579684968e-04,
-8.3463062762542672e-04,8.7983425980479868e-06,
-9.2501363486981875e-04,-5.2834947938604215e-07,
-1.1171943262406649e-03,-1.6778320571793348e-04,
-1.2262754645638446e-03,1.1170042598165897e-07,
-1.3940824913183172e-03,-4.0096284720757269e-04,
-1.4291153474199382e-03,-2.7836812444168371e-04,
-1.2649841219721514e-03,-3.2356505302081132e-04,
-1.7821880141774341e-03,-4.8725148288387976e-04,
-1.6239086612637628e-03,-5.5194756151972710e-04,
-1.8707191213848014e-03,-4.8668230912254570e-04,
-1.3399538986572333e-03,-5.7076360041942442e-04,
-1.5031125771030121e-03,-7.0042763122740367e-04,
-8.6867997144915790e-04,-6.9785083262349432e-04,
-7.4036510551910018e-04,-1.0054067097850922e-03,
-7.3085864391643496e-04,-1.0129299537303404e-03,
-8.4850842097075954e-04,-3.5068964498868177e-04,
-7.8299093349512225e-04,-2.7098140184761421e-04,
-9.7753852852345072e-04,-8.4743550211135305e-05,
-9.7407769941165734e-04,2.0097423513947693e-04,
-1.3328928236787801e-03,8.9293524537719521e-05,
-1.4693695722933567e-03,7.6554157172597365e-05,
-1.5011194838880845e-03,-9.4404814995483616e-05,
-1.5671329482580196e-03,-3.2658669022522790e-04,
-1.8060388597784353e-03,-2.3501342912414860e-04,
-1.6834608624433402e-03,-5.0778672995550195e-04,
-1.8877175365862378e-03,-5.6028752020414324e-04,
-1.7145306461496430e-03,-8.1618133436689444e-04,
-1.4788955378401344e-03,-8.5580707987992222e-04,
-1.0869060760610588e-03,-9.1012739541498910e-04,
-7.4658508093251863e-04,-1.1673044581924918e-03,
-7.6906869384763682e-04,-8.4636772973975538e-04,
-8.4069305857089466e-04,-3.9289425784331741e-04,
-5.5852594266587660e-04,2.6658352712304045e-04,
-8.3639558307635475e-04,-1.1748942710608848e-04,
-1.0023032064175597e-03,2.0796906332584339e-04,
-1.4350012301835163e-03,1.4912654052352120e-04,
-1.4975220041086798e-03,2.7016904766373126e-04,
-1.6544626900900326e-03,-1.4588447830894344e-04,
-1.8238374315147250e-03,-2.5547525480916836e-04,
-1.7535951672566427e-03,-3.9270891781087794e-04,
-2.1400004654117157e-03,-3.9183687873931006e-04,
-2.0502097004435164e-03,-7.2293891360396614e-04,
-2.0045331186230760e-03,-7.8405864857479177e-04,
-1.4916089600932360e-03,-1.2511212401463481e-03,
-1.4285103082217650e-03,-1.6222691271559897e-03,
-8.4997658882631985e-04,-1.7253862655797099e-03,
-7.7990301722665953e-04,-1.7240277541158873e-03,
-6.2929475668119239e-04,-1.4317272610917323e-04,
-1.0516252746653847e-03,1.8787923770905227e-04,
-7.4467437322802213e-04,1.4885202114110763e-04,
-1.3288219760472335e-03,2.2319389670618153e-04,
-1.3198842896642790e-03,1.7454022732689770e-04,
-2.1288559364960775e-03,2.1616980450239395e-04,
-2.0248413363827683e-03,7.2862606251000717e-05,
-2.0087803767687810e-03,1.9669300585976532e-04,
-2.0305382000714925e-03,-2.6074484945187021e-04,
-2.1015362782521897e-03,-4.0195498706949509e-04,
-2.3700159095940004e-03,-5.3688814698582554e-04,
-2.2519583763722130e-03,-7.9818189628517652e-04,
-2.0624164430588718e-03,-1.3662146106062298e-03,
-2.1710569513825224e-03,-2.2856132850485669e-03,
-9.7062940687726862e-04,-2.2759685089533514e-03,
-8.7595561727738316e-04,-2.2371424780076136e-03,
-5.6610185655318196e-04,-5.2969606686329579e-05,
-1.0208695029146862e-03,6.6726376452821978e-04,
-9.1063882519169456e-04,8.0756273192935865e-04,
-1.4898076433192964e-03,5.5244070740408449e-04,
-1.3759618454322747e-03,2.5725399299419624e-04,
-2.1367870453976694e-03,3.2287430038377418e-04,
-1.9477054523534924e-03,8.2778054192760020e-05,
-2.1978649926868848e-03,1.7939050675740836e-04,
-2.1069791017562373e-03,3.5540950521752157e-05,
-2.4256919838650977e-03,-1.0788641320911771e-04,
-2.4230420314292275e-03,-5.1420635167313822e-04,
-2.8723454993830784e-03,-1.4320941572153467e-03,
-2.8470182740943338e-03,-1.7334667457914489e-03,
-3.0358119109353023e-03,-2.4166181905817714e-03,
-1.6153803938795015e-03,-3.5063623619028643e-03,
-9.7910428290212681e-04,-3.5819156860807423e-03,
-6.0862180048918899e-04,-4.1633363423443370e-17,
-1.0409412419066337e-03,1.3221460619908774e-03,
-1.0310600079890125e-03,1.2112567257061314e-03,
-1.4806332826049970e-03,8.0115888042178035e-04,
-1.6290587783687471e-03,6.5281226096419731e-04,
-1.8545219268004051e-03,4.1564911279812905e-04,
-1.9112809946208141e-03,4.0647216670066863e-04,
-2.1677075154218350e-03,9.6813939919507958e-05,
-2.2272868529176065e-03,9.2987235635954429e-05,
-2.4546508688542204e-03,-2.3739681220276421e-05,
-3.2639210652210190e-03,-5.8039954253987641e-04,
-3.9157261969384703e-03,-1.3431061779504462e-03,
-3.9812781649643664e-03,-2.6105705503502545e-03,
-4.1355572969196432e-03,-3.9686741991144595e-03,
-2.7497930283748549e-03,-4.0943991458636878e-03,
-1.3375943632559784e-03,-4.1447517909862577e-03,
-8.3613748408870731e-04,-4.2715580500608114e-05,
-1.0256558450730952e-03,1.4233821808515186e-03,
-1.1683770330562504e-03,1.4897686247986701e-03,
-1.3865329137717174e-03,1.3637453174056707e-03,
-1.9485515447007704e-03,9.8731379038217645e-04,
-2.0053865555634438e-03,7.7708427770294825e-04,
-2.0311531200295600e-03,6.9997482711703710e-04,
-2.1564531743221982e-03,5.2140829772985911e-04,
-2.3353571045695784e-03,2.3243689667893155e-04,
-2.8416445482850466e-03,3.3438891824166816e-04,
-3.6784616881413677e-03,-5.7483288539289523e-04,
-4.5195249605757201e-03,-8.7815497501581366e-04,
-6.3093456283075389e-03,-2.2228022469422647e-03,
-7.0870594379403851e-03,-5.9706418896034764e-03,
-5.5486067961498520e-03,-8.5712684064621521e-03,
-1.2363817500945437e-03,-6.8351770734502576e-03,
-6.5663521887644391e-04,-4.1633363423443370e-17,
-8.7989325950990280e-04,1.7621949760458638e-03,
-1.3258480118363419e-03,1.4105054325358364e-03,
-1.5660145427547310e-03,1.1348510838500095e-03,
-2.1392138805079591e-03,9.9427882022888950e-04,
-1.9437803932391556e-03,9.5194569581760410e-04,
-2.0876836894914916e-03,8.2178496346644453e-04,
-2.0718087320263888e-03,8.3796852735504648e-04,
-2.7010819063567545e-03,7.4838508494448619e-04,
-3.0244582957684174e-03,6.9405088322049835e-04,
-3.7282793292445215e-03,5.3927056431343767e-04,
-5.1105373441265936e-03,5.4541789408869140e-04,
-9.4613277085239221e-03,-1.1036155149515697e-03,
-3.9534359548177980e-02,-6.8986611369019138e-03,
-4.2702496398900100e-02,-3.2668610769913876e-02,
-4.0115110529007042e-02,-4.3018709271583383e-02,
-9.1336698458828816e-04,-4.1633363423443370e-17,
-1.3325139202357734e-03,2.1449799127970688e-03,
-1.7170186307406236e-03,1.4577688983606688e-03,
-1.5834033253886784e-03,1.4420188786924276e-03,
-2.2402999572286898e-03,1.2975510491083711e-03,
-2.2076067023368805e-03,8.9523073048849988e-04,
-2.0950369543451738e-03,8.3657549323955596e-04,
-2.3870027816606104e-03,7.3877443227242726e-04,
-2.4713628057539301e-03,6.9909210632501662e-04,
-2.5108215998324752e-03,6.1292343919573666e-04,
-3.4997081812373348e-03,1.1373908759693130e-03,
-4.1071798814474939e-03,1.8594322614777503e-03,
-1.0114595743446426e-02,3.3715454334080526e-03,
-2.7592183397949274e-02,5.2245333702588548e-03,
-2.9634995894581552e-02,-3.4596633041024186e-02,
-3.3250967769725998e-02,-6.2631748534889078e-02,
-1.7340626757285822e-03,-3.4694469519536142e-17,
-1.9027329145777337e-03,2.5442329840807444e-03,
-2.1340433007512073e-03,2.1235169366824493e-03,
-2.1401886346904299e-03,1.6912692448595064e-03,
-2.2666404753954768e-03,1.2116885212404491e-03,
-2.4077973649826515e-03,9.1812251418481317e-04,
-2.1822855141364929e-03,9.0263549756638625e-04,
-2.3842143216473606e-03,9.6850758574341597e-04,
-2.3343666686292050e-03,1.0161462764897676e-03,
-2.4096869325869845e-03,1.2275790165410250e-03,
-1.8299366886508836e-03,1.0148275769955792e-03,
-2.2075210607833892e-03,1.3684455725321218e-03,
-1.5827061015629418e-03,2.5035732189486910e-03,
8.8216914413010925e-04,2.6464387063983609e-03,
3.1451034761184882e-03,-3.1812344993554474e-02,
-7.5986045294035992e-03,-7.3734532200617320e-02,
-6.7002490364619430e-03,8.6719217272643312e-05,
-2.8584853991343098e-03,-3.8855843975541676e-04,
-2.3667313370477061e-03,-2.7755575615628914e-17,
-2.2591755103427598e-03,-2.3883621796075283e-05,
-2.3914302083281082e-03,-4.1633363423443370e-17,
-2.3914568031742044e-03,-7.6937235449943409e-05,
-2.1583785655553377e-03,-6.8729505618980724e-05,
-2.1515398993742184e-03,-2.3042218684941884e-04,
-2.1491779528656114e-03,-2.1837402622010282e-04,
-2.1095510106769501e-03,-2.0816681711721685e-17,
-1.7239123847535946e-03,-9.2905678082774723e-05,
-1.8638766941274365e-04,-3.5533383265925339e-04,
1.9520199014416116e-03,-3.7886457028950965e-04,
6.6600032037941077e-03,-5.3219731001367260e-04,
7.4341064547392005e-03,-6.1967160857166921e-03,
-4.2956567900159850e-03,-7.6826483457272138e-02,

256,2
7.4434736908697563e-04,6.7344974540990005e-04,
7.4225872394088899e-04,7.6409509825284272e-04,
5.2077025799358162e-04,3.0310460415156407e-04,
2.2331058036411874e-04,2.4278775891509174e-04,
3.1225022567582528e-17,2.9705590684523525e-04,
3.4694469519536142e-17,4.0093909568532371e-04,
2.0816681711721685e-17,3.2305091365460517e-04,
2.7755575615628914e-17,5.9790511749879469e-04,
1.3358183376573421e-04,5.8575167526020780e-04,
3.6126225549391530e-04,4.3226655627734076e-04,
9.3318619968901090e-05,1.7167940625480854e-04,
3.8163916471489756e-17,1.5568036850228603e-04,
2.4286128663675299e-17,3.2255113540085104e-04,
2.8813639489874004e-04,3.2502651413971254e-04,
6.9524579646293438e-04,3.2237294240691425e-04,
4.4926780448380221e-04,2.0492251199458536e-04,
8.8919899344667291e-04,7.0933377606462872e-04,
6.9838254777891337e-04,6.0292886084042929e-04,
-1.7182805504726423e-05,6.7533017741189943e-04,
1.5660654496969448e-04,2.7079340320004114e-04,
-1.4180039864710239e-04,3.8269760952167053e-04,
-4.3745404568840476e-04,3.9571371320004309e-04,
-6.0757756408048175e-04,5.9054983518498291e-04,
-6.8012617251732993e-04,6.5530639138379129e-04,
-8.3048272812776686e-04,3.6202058314102614e-04,
-8.1579582503460424e-05,3.1434862401572006e-04,
-1.6907514660860490e-04,3.8223710842569605e-04,
-6.3729418161790480e-04,2.2702026889998006e-04,
-5.4101475898291063e-04,6.1597785463084892e-04,
2.9702771743611231e-04,6.1274361001558558e-04,
2.3674406895285438e-04,1.0273978661844152e-05,
1.5139360665519103e-04,3.4694469519536142e-17,
6.4306684944925169e-04,9.6132298143433367e-04,
2.8843472066114248e-04,3.6420560797759474e-04,
7.6499787755188176e-05,3.3126941013980268e-04,
-8.3746430414942397e-05,5.0477845047422129e-04,
-1.0742143583328603e-04,4.5178804249682708e-04,
-4.1010570320092893e-04,4.4351231890969733e-04,
-3.9267822105508790e-04,5.4616078293910283e-04,
-8.8753545517547203e-04,6.4970066889369696e-04,
-9.9226829291628599e-04,5.3241621551756296e-04,
-4.3588747180108370e-04,5.1448597928753503e-04,
-3.2114771169896097e-04,3.7125057896081337e-04,
-6.8226496783129267e-04,4.2808338209914323e-04,
-5.5263073228561249e-04,3.1331091729663169e-04,
-2.8375300812316651e-04,2.9168648059040708e-04,
3.5637630088528049e-05,9.7843016194296140e-06,
6.1333571095511380e-05,5.1266148796825020e-04,
5.3946313728220688e-04,6.9654473442729709e-04,
2.0991452011486986e-04,5.3443131750116266e-04,
1.8108351272317844e-04,6.0067915762619661e-04,
-1.3282196034594337e-04,3.7875052318670638e-04,
-3.7521724708030821e-04,4.5967656404215240e-04,
-5.0647978233911081e-04,4.6385335539970984e-04,
-6.6235725288232156e-04,4.1452742650366012e-04,
-9.2479176415530967e-04,4.1146879922961815e-04,
-8.4801884267819358e-04,5.3459261724439835e-04,
-7.3289882321837807e-04,4.7876152548277651e-04,
-4.8006392416272831e-04,7.8284487386569290e-04,
-4.8245908487291184e-04,5.4165005395667709e-04,
-4.1521841781118687e-04,5.0988762374164914e-04,
-3.8023591474142110e-04,5.0979361466736359e-04,
3.6245456689862690e-04,4.1028264176250565e-04,
3.6666457106842090e-04,1.0497024589838505e-03,
2.4728616199265127e-04,5.6233509831202580e-04,
2.0668632882837532e-04,6.8922078826145344e-04,
1.7774164135846843e-04,6.9321652167867245e-04,
-2.9868137208062182e-04,4.1354320783075493e-04,
-4.8912458634867498e-04,3.3793944194328990e-04,
-1.9089546131915644e-04,4.4844724489141036e-04,
-6.7033940831771888e-04,3.7284431357857348e-04,
-6.5192340569570142e-04,6.1853169140506370e-04,
-8.1942179625724837e-04,5.8776357654475794e-04,
-9.5084144795760592e-04,5.5099970550283317e-04,
-6.6226980681679051e-04,7.8563762440369070e-04,
-6.0977101606094972e-04,2.7600114935809328e-04,
-3.3278335453326008e-04,2.3579082515099228e-04,
-1.1608690909407221e-04,1.9235692195692516e-04,
3.6198697121435364e-04,3.2540952142541546e-04,
3.6606082208582441e-04,4.3265807316303015e-04,
4.5861842052032781e-04,6.2204233440457321e-04,
2.2624175451794321e-04,7.0511970364483742e-04,
-3.6925558654192503e-06,6.0932823483794696e-04,
-1.3828520074011044e-04,5.1659744527777010e-04,
-5.1878333465012194e-04,8.0380527626901233e-04,
-2.9130869997013101e-04,7.3158590328013459e-04,
-6.2450404731063600e-04,3.5300741026204896e-04,
-6.4304691584275014e-04,4.3427946897545144e-04,
-8.4614159925825924e-04,4.2462166321886874e-04,
-7.7777763517202989e-04,5.7569486501213990e-04,
-9.6677653116107251e-04,4.6992039088845222e-04,
-7.4151020183521252e-04,3.0542582390774911e-04,
-3.6691351814799322e-04,2.7951493833608398e-04,
-1.0788868570939247e-04,2.0182893683952027e-04,
-2.5645178071282554e-04,2.5293284845059882e-05,
6.5143228306342726e-05,1.0180631007976441e-03,
4.2512289817314003e-04,6.0789601915912581e-04,
3.3658693179645927e-04,7.2116036221011454e-04,
3.1759607781503552e-04,7.7828658737628259e-04,
-2.1293422045072161e-04,8.3316321812496388e-04,
-1.8960995141927006e-04,8.1898750090828032e-04,
-7.6222188650595935e-04,7.3391837027453680e-04,
-6.7016325756838815e-04,7.7575597879577657e-04,
-6.0169485692796246e-04,5.5120619008126870e-04,
-9.7651827750934450e-04,3.5998342650125567e-04,
-8.1476327294854878e-04,4.4848546417331978e-04,
-9.7466494139437573e-04,2.9037927893804660e-04,
-6.2856901757384065e-04,1.4957875861995595e-04,
-6.1431358491322724e-04,1.5760421267416863e-04,
-5.0114791447520082e-04,-1.4444657258637014e-04,
-2.3480125383478281e-04,-3.4808455605602612e-05,
2.7276327916610568e-04,8.9676150852815995e-04,
2.4503901828545893e-04,8.3968067696382417e-04,
3.9332047968057560e-04,9.0045258220309427e-04,
2.1230212363725076e-04,8.2591588003714037e-04,
-1.7326509695484577e-04,8.2708508858472807e-04,
-3.9849761950162474e-04,9.0372811082327018e-04,
-7.8995897637260809e-04,8.7579401106276447e-04,
-6.9732931115819990e-04,6.9966549747314810e-04,
-9.5737788500818363e-04,6.9057752028803612e-04,
-7.5671243021068271e-04,4.9984319985838313e-04,
-8.6580129495102479e-04,6.0019687918085041e-04,
-1.2763272689942096e-03,6.0464721187550308e-04,
-9.1619428736389522e-04,2.1406770604929029e-04,
-9.3721919853132635e-04,-2.8224502628458256e-04,
-5.6661899046774045e-04,-5.1654807129636673e-04,
-8.0332286231499239e-05,-7.5422725854313796e-04,
3.4694469519536142e-17,6.8357004544298411e-04,
5.7533356611765007e-04,1.5036626010470552e-03,
5.8737885939697670e-04,1.3016834597826162e-03,
3.9471774855867614e-04,1.2381060744018416e-03,
3.6817267726210398e-04,9.7208956520018416e-04,
-1.4602423834202127e-04,1.1290368087928555e-03,
-7.0438934534185205e-04,1.1626748014834133e-03,
-6.7019223184175067e-04,1.0316567317164189e-03,
-9.3312662862502643e-04,9.9163019469570082e-04,
-6.5657479922068621e-04,1.0399024061802722e-03,
-8.3271563832181678e-04,8.1664586522262397e-04,
-1.2904149317401956e-03,5.9752804113894289e-04,
-1.3749293248463065e-03,4.4133671773617655e-05,
-9.6973417722322902e-04,-6.2321779924493642e-05,
-7.4619094886173645e-04,-5.8211464605785121e-04,
-4.4872916020004608e-04,-6.7467996358717627e-04,
2.4744096242394070e-04,8.0042521651587512e-04,
4.5535226197245329e-04,1.6347003782580354e-03,
-1.3230534284086604e-04,1.6357953531490332e-03,
1.8511440751032074e-04,1.6100934164571604e-03,
2.0316860420143204e-04,1.4068093571695077e-03,
-1.9113434685296901e-04,1.1513917435624875e-03,
-6.1626778096711410e-04,1.0134999629428099e-03,
-6.4466128402815639e-04,1.3614708195795987e-03,
-4.3896510792289581e-04,1.1058282374421177e-03,
-7.0161228842775120e-04,9.8356955888602784e-04,
-1.5364795651120582e-03,6.4592021628808935e-04,
-1.7937521884337851e-03,5.0508583796431833e-04,
-1.6059369964611624e-03,3.2370512066437832e-04,
-1.6067795888170117e-03,-8.3541070450745408e-05,
-7.4439921304281231e-04,-1.0052457434593515e-03,
-5.4052930005563798e-04,-1.9013530770356363e-03,
1.9172460745360206e-04,2.4286128663675299e-17,
2.8108880348357360e-04,1.8420270540914913e-03,
-1.6479516060926083e-04,1.7097491536924372e-03,
-4.0357841652800819e-05,1.8357142073575743e-03,
-4.6951336438459668e-04,1.7265359082444323e-03,
-4.1022994905089843e-04,1.7175993529925035e-03,
-8.8864610383563095e-04,1.4999321068122871e-03,
-7.8437343933559014e-04,1.2489338576697345e-03,
-1.0383479397257679e-03,1.2433774193826817e-03,
-1.1291152864081055e-03,1.2666634573366350e-03,
-1.6056405518757866e-03,7.8761678314511266e-04,
-1.7916163186958919e-03,6.4686083288378188e-04,
-2.4808967787308470e-03,3.6949694248884085e-04,
-1.8973947623842635e-03,-4.8970190314243794e-04,
-1.7555960966038238e-03,-1.6629269130340116e-03,
-1.0560103866004665e-03,-2.1145273898759837e-03,
1.2152130762528579e-04,3.4694469519536142e-17,
2.2729314654221580e-04,1.7914988385965003e-03,
9.2671093671184424e-05,2.0338993878168954e-03,
7.2986222853840127e-05,1.8427913269382749e-03,
-5.8703679783158116e-04,2.0164705827841155e-03,
-8.8336519383290166e-04,2.0241629704223808e-03,
-1.1852134264524992e-03,1.5536403586302976e-03,
-1.1430351420435338e-03,1.3679826262814367e-03,
-1.0478568391459574e-03,1.3133976619529100e-03,
-1.5045004462644618e-03,1.3040925417792913e-03,
-1.2183416328304282e-03,1.4327991966822350e-03,
-2.0719861807050773e-03,1.1699413745097573e-03,
-2.6697665095311088e-03,1.2947007548934318e-03,
-2.8841807123113350e-03,1.0755826274981388e-03,
-2.8537110233629558e-03,-1.3101955792810434e-03,
-2.2567657113109485e-04,-3.7147846138235879e-03,
1.0748542366700864e-04,2.6468245671204538e-04,
9.1390227165526194e-05,2.2163125684730792e-03,
-1.8773797884985219e-04,2.3173926952547268e-03,
-1.9829870108898848e-04,2.3362003820335021e-03,
-6.7893724394696084e-04,1.8657333864658607e-03,
-1.0207156617362614e-03,1.8466260124459927e-03,
-1.0058337082970437e-03,1.8375177871158346e-03,
-1.2656290459750093e-03,1.5780880663111632e-03,
-1.2429628436350891e-03,1.6003752813318999e-03,
-1.1437821965024214e-03,1.4378454952891154e-03,
-9.7166777792290215e-04,1.4707810373217958e-03,
-1.7329471877511882e-03,2.1449116974520954e-03,
-2.5953159650137954e-03,3.5423401111455040e-03,
-3.6286862844320013e-03,5.0293637747023563e-03,
-5.9510338978747204e-03,2.1030384284974786e-02,
-2.3468414132570004e-04,5.2259564588147747e-03,
5.9109167542953367e-05,1.0156671271122561e-03,
3.9633600269768643e-05,3.2716592071160844e-03,
-2.8293720397108701e-04,3.0774472787938392e-03,
-6.5616421219165388e-04,2.5144503824448342e-03,
-7.0808731326292215e-04,2.0824392128560021e-03,
-1.3294689528360291e-03,1.9184469509817836e-03,
-1.2196498094687210e-03,1.8810587817852838e-03,
-1.2643191670122234e-03,1.6530885583993793e-03,
-1.2546507043182525e-03,1.4538576868126651e-03,
-1.5089667878137383e-03,1.4497455423056679e-03,
-1.1768405457757980e-03,1.5654902980319421e-03,
-8.7159653133327478e-04,2.6958916837249020e-03,
-6.9955899210496705e-04,4.6330376885871556e-03,
1.9333929393263935e-04,1.2681928826062044e-02,
1.1102288088179688e-02,2.8625212936645238e-02,
1.1687046558077351e-02,1.3333080300740621e-02,
1.6285154842994934e-03,1.2301238231402639e-04,
5.1621153117527296e-06,4.5551921824986095e-03,
-6.4198778816314944e-04,3.7764106013606462e-03,
-1.3122904732602199e-03,2.8089487012752413e-03,
-1.0501283364150599e-03,2.5474578880924602e-03,
-1.4557847344677834e-03,1.9143269514699107e-03,
-1.6169376417434038e-03,1.7644400776585974e-03,
-1.6100100508428285e-03,1.5778521142050181e-03,
-1.5506304187386764e-03,1.4894019487559952e-03,
-1.1976765808455574e-03,1.5448247955341977e-03,
-1.4470640979422113e-03,1.6726553726944295e-03,
-4.2064659268601853e-04,2.3415612781871945e-03,
2.2016616861090590e-03,4.5393605826861243e-03,
6.5806524765013759e-03,1.1771007009075529e-02,
2.6424312767030934e-02,2.5991091781641194e-02,
2.8398633461109317e-02,1.2955185516413496e-02,
1.2060773559473381e-02,-2.4914724566317548e-03,
9.0948322427636674e-02,1.4735964681201488e-02,
1.0000000000000006e-01,3.9251607458287395e-03,
1.0000000000000009e-01,2.7601383356329334e-03,
1.0000000000000009e-01,2.1802833163659489e-03,
1.0000000000000003e-01,2.1317436269105670e-03,
1.0000000000000006e-01,1.4611720330837789e-03,
1.0000000000000009e-01,1.3555998780001438e-03,
1.0000000000000009e-01,1.2594080225638259e-03,
1.0000000000000006e-01,1.2423923593919209e-03,
1.0000000000000006e-01,1.3048485548637738e-03,
1.0000000000000012e-01,1.5101275104246296e-03,
1.0000000000000006e-01,2.3690395051355340e-03,
1.0000000000000009e-01,4.1964481914521061e-03,
1.0000000000000006e-01,4.8686329636728753e-03,
1.0000000000000010e-01,2.1705507313811018e-03,
1.0000000000000006e-01,6.6630614098034391e-05,

